804000	"r``"**8*
804001	"rH  "***1+
804002	"2)"*:*3-2*
804003	"rH  "***3+
804004	"2)"*:*2-2*
804005	"rH  "***5+
804006	"2)"*:*1-2*
804007	"rH  "***7+
804008	"2)"*:*2*
804009	"rH  "***9+
80400A	"2)"*:*1+2*
80400B	"}))("***3+
80400C	"2)"*:*2+2*
80400D	"s5~G"+**7*
80400E	"2)"*:*3+2*
80400F	"}))("***7+
804010	"2)"*:*4+2*
804011	"}))("***9+
804012	"2)"*:*5+2*
804013	"9z1&%"***\-
804014	"2)"*:*6+2*
804015	"7z1&%"***\-
804016	"2)"*:*7+2*
804017	"5z1&%"***\-
804018	"2)"*:*8+2*
804019	"3z1&%"***\-
80401A	"2)"*:*9+2*
80401B	"1z1&%"***\-
80401C	"0z1&%"***\-
80401D	"/z1&%"***\-
80401E	".z1&%"***\-
80401F	"-z1&%"***\-
804020	"r``"**4+8*
804021	"+z1&%"***\-
804022	"*z1&%"***\-
804023	")z1&%"***\-
804024	"(z1&%"***\-
804025	"'z1&%"***\-
804026	"&z1&%"***\-
804027	"%z1&%"***\-
804028	"r``"**5+8*
804029	"#z1&%"***\-
80402A	"*rH  "***+
80402B	"!z1&%"***\-
80402C	" z1&%"***\-
80402D	"%}))("***+
80402E	"&}))("***+
80402F	"'}))("***+
804030	"p~{y"*+*5*
804031	"}q1.!"***\-
804032	"|q1.!"***\-
804033	"{q1.!"***\-
804034	"zq1.!"***\-
804035	"7~C5+"**+*
804036	"xq1.!"***\-
804037	"wq1.!"***\-
804038	"r``"**7+8*
804039	"uq1.!"***\-
80403A	"tq1.!"***\-
80403B	"sq1.!"***\-
80403C	"rq1.!"***\-
80403D	"qq1.!"***\-
80403E	"pq1.!"***\-
80403F	"oq1.!"***\-
804040	"r``"**8+8*
804041	"mq1.!"***\-
804042	"lq1.!"***\-
804043	"z1&%"***9-
804044	"z1&%"***8-
804045	"z1&%"***7-
804046	"z1&%"***6-
804047	"z1&%"***5-
804048	"r``"**9+8*
804049	"z1&%"***3-
80404A	"z1&%"***2-
80404B	"z1&%"***1-
80404C	"z1&%"***
80404D	"z1&%"***1+
80404E	"z1&%"***2+
80404F	"z1&%"***3+
804050	"z1&%"***4+
804051	"z1&%"***5+
804052	"z1&%"***6+
804053	"z1&%"***7+
804054	"z1&%"***8+
804055	"z1&%"***9+
804056	"Xq1.!"***\-
804057	"Wq1.!"***\-
804058	"Vq1.!"***\-
804059	"Uq1.!"***\-
80405A	"Tq1.!"***\-
80405B	"Sq1.!"***\-
80405C	"Rq1.!"***\-
80405D	"Qq1.!"***\-
80405E	"Pq1.!"***\-
80405F	"Oq1.!"***\-
804060	"~ra_"**+8*
804061	"Mq1.!"***\-
804062	"Lq1.!"***\-
804063	"Kq1.!"***\-
804064	"Jq1.!"***\-
804065	"Iq1.!"***\-
804066	"Hq1.!"***\-
804067	"Gq1.!"***\-
804068	"Fq1.!"***\-
804069	"Eq1.!"***\-
80406A	"Dq1.!"***\-
80406B	"Cq1.!"***\-
80406C	"n~{D"*+*9*
80406D	"Aq1.!"***\-
80406E	"@q1.!"***\-
80406F	"?q1.!"***\-
804070	">q1.!"***\-
804071	"=q1.!"***\-
804072	"<q1.!"***\-
804073	";q1.!"***\-
804074	":q1.!"***\-
804075	"9q1.!"***\-
804076	"8q1.!"***\-
804077	"7q1.!"***\-
804078	"6q1.!"***\-
804079	"5q1.!"***\-
80407A	"4q1.!"***\-
80407B	"3q1.!"***\-
80407C	"2q1.!"***\-
80407D	"1q1.!"***\-
80407E	"0q1.!"***\-
80407F	"/q1.!"***\-
804080	"s~jU"*+*8*
804081	"-q1.!"***\-
804082	",q1.!"***\-
804083	"+q1.!"***\-
804084	"[V~5"+**6*
804085	")q1.!"***\-
804086	"(q1.!"***\-
804087	"~mD"**9-9*
804088	"&q1.!"***\-
804089	"%q1.!"***\-
80408A	"$q1.!"***\-
80408B	"#q1.!"***\-
80408C	"Lm3*$"***\-
80408D	"!q1.!"***\-
80408E	" q1.!"***\-
80408F	"Im3*$"***\-
804090	"wmQ"**9-8*
804091	"Gm3*$"***\-
804092	"m}qU"**+7*
804093	"Em3*$"***\-
804094	"Dm3*$"***\-
804095	"Cm3*$"***\-
804096	"Bm3*$"***\-
804097	"Am3*$"***\-
804098	"wmQ"**8-8*
804099	"mlf"**9-7*
80409A	">m3*$"***\-
80409B	"=m3*$"***\-
80409C	"<m3*$"***\-
80409D	";m3*$"***\-
80409E	"CA~,)"*+**
80409F	"9m3*$"***\-
8040A0	"mlf"**8-7*
8040A1	"7m3*$"***\-
8040A2	"~mf"**9-6*
8040A3	"5m3*$"***\-
8040A4	"4m3*$"***\-
8040A5	"q1.!"***9-
8040A6	"q1.!"***8-
8040A7	"mlf"**7-7*
8040A8	"~mf"**8-6*
8040A9	"q1.!"***5-
8040AA	"q1.!"***4-
8040AB	"~mD"**5-9*
8040AC	"q1.!"***2-
8040AD	"q1.!"***1-
8040AE	"q1.!"***
8040AF	"q1.!"***1+
8040B0	"wmQ"**5-8*
8040B1	"q1.!"***3+
8040B2	"q1.!"***4+
8040B3	"q1.!"***5+
8040B4	"~mf"**6-6*
8040B5	"mlf"**5-7*
8040B6	"q1.!"***8+
8040B7	"q1.!"***9+
8040B8	"wmQ"**4-8*
8040B9	"mz1&%"***+
8040BA	"~mf"**5-6*
8040BB	"oz1&%"***+
8040BC	"mlf"**4-7*
8040BD	"~mD"**3-9*
8040BE	"&~a5+"**+*
8040BF	"sz1&%"***+
8040C0	"~mf"**4-6*
8040C1	"uz1&%"***+
8040C2	"vz1&%"***+
8040C3	"mlf"**3-7*
8040C4	"xz1&%"***+
8040C5	"yz1&%"***+
8040C6	"z~{o"*+*5*
8040C7	"{z1&%"***+
8040C8	"wmQ"**2-8*
8040C9	"}z1&%"***+
8040CA	"mlf"**2-7*
8040CB	"z~{o"*+*1+5*
8040CC	"~mf"**2-6*
8040CD	"xz1&%"***+9+
8040CE	" q1.!"***+
8040CF	"~mD"**1-9*
8040D0	"wmQ"**1-8*
8040D1	"mlf"**1-7*
8040D2	"~mf"**1-6*
8040D3	"m3*$"***5-
8040D4	"m3*$"***4-
8040D5	"{O~/"+**5*
8040D6	"m3*$"***2-
8040D7	"m3*$"***1-
8040D8	"~mf"**6*
8040D9	"m3*$"***1+
8040DA	"m3*$"***2+
8040DB	"m3*$"***3+
8040DC	"m3*$"***4+
8040DD	"m3*$"***5+
8040DE	"~mf"**1+6*
8040DF	"[[~M"+**5*
8040E0	"|J~g"+**4*
8040E1	"~mD"**1+9*
8040E2	"4q1.!"***+
8040E3	"5q1.!"***+
8040E4	"reI"**5*2*
8040E5	"7q1.!"***+
8040E6	"mlf"**2+7*
8040E7	"9q1.!"***+
8040E8	"wmQ"**2+8*
8040E9	";q1.!"***+
8040EA	"~mf"**3+6*
8040EB	"=q1.!"***+
8040EC	">q1.!"***+
8040ED	"mlf"**3+7*
8040EE	"@q1.!"***+
8040EF	"Aq1.!"***+
8040F0	"~mf"**4+6*
8040F1	"Cq1.!"***+
8040F2	"Dq1.!"***+
8040F3	"s~{A"*+*9*
8040F4	"mlf"**4+7*
8040F5	"Gq1.!"***+
8040F6	"~mf"**5+6*
8040F7	"Iq1.!"***+
8040F8	"wmQ"**4+8*
8040F9	"!m3*$"***+
8040FA	"Lq1.!"***+
8040FB	"mlf"**5+7*
8040FC	"taS"**9*
8040FD	"%m3*$"***+
8040FE	"&m3*$"***+
8040FF	"'m3*$"***+
804100	"wmQ"**5+8*
804101	")m3*$"***+
804102	"~mf"**7+6*
804103	"taS"**9*7+
804104	"taS"**9*8+
804105	"~mD"**5+9*
804106	"zv5* "***\-
804107	"yv5* "***\-
804108	"~mf"**8+6*
804109	"~}qU"**+7*
80410A	"vv5* "***\-
80410B	"uv5* "***\-
80410C	"tv5* "***\-
80410D	"sv5* "***\-
80410E	"~mf"**9+6*
80410F	"qv5* "***\-
804110	"pGw "+**7*
804111	"ov5* "***\-
804112	"nv5* "***\-
804113	"mv5* "***\-
804114	"lv5* "***\-
804115	"kv5* "***\-
804116	"jv5* "***\-
804117	"mlf"**9+7*
804118	"wmQ"**8+8*
804119	"gv5* "***\-
80411A	"fv5* "***\-
80411B	"ev5* "***\-
80411C	"dv5* "***\-
80411D	"cv5* "***\-
80411E	"k>~7"+**7*
80411F	"av5* "***\-
804120	"wmQ"**9+8*
804121	"_v5* "***\-
804122	"^v5* "***\-
804123	"]v5* "***\-
804124	"\v5* "***\-
804125	"[v5* "***\-
804126	"Zv5* "***\-
804127	"Yv5* "***\-
804128	"Xv5* "***\-
804129	"~mD"**9+9*
80412A	"Vv5* "***\-
80412B	"Uv5* "***\-
80412C	"^~|f"*+*7*
80412D	"Sv5* "***\-
80412E	"Rv5* "***\-
80412F	"Qv5* "***\-
804130	"V~qk"*+*8*
804131	"Ov5* "***\-
804132	"taS"**6+9*
804133	"Mv5* "***\-
804134	"Lv5* "***\-
804135	"Kv5* "***\-
804136	"Jv5* "***\-
804137	"Iv5* "***\-
804138	"vjT"**9-8*
804139	"Gv5* "***\-
80413A	"Fv5* "***\-
80413B	"taS"**7+9*
80413C	"Dv5* "***\-
80413D	"Cv5* "***\-
80413E	"Bv5* "***\-
80413F	"Av5* "***\-
804140	"vjT"**8-8*
804141	"vj`"**9-7*
804142	">v5* "***\-
804143	"=v5* "***\-
804144	"taS"**8+9*
804145	";v5* "***\-
804146	":v5* "***\-
804147	"9v5* "***\-
804148	"vj`"**8-7*
804149	"7v5* "***\-
80414A	"vpj"**9-6*
80414B	"5v5* "***\-
80414C	"4v5* "***\-
80414D	"taS"**9+9*
80414E	"2v5* "***\-
80414F	"vj`"**7-7*
804150	"vpj"**8-6*
804151	"/v5* "***\-
804152	".v5* "***\-
804153	"-v5* "***\-
804154	",v5* "***\-
804155	"+v5* "***\-
804156	"vpj"**7-6*
804157	")v5* "***\-
804158	"vjT"**5-8*
804159	"'v5* "***\-
80415A	"&v5* "***\-
80415B	"/+~m%"*+**
80415C	"|~yo"*+*5*
80415D	"vj`"**5-7*
80415E	"DSA)&"***\-
80415F	"!v5* "***\-
804160	"vjT"**4-8*
804161	"ASA)&"***\-
804162	"vpj"**5-6*
804163	"?SA)&"***\-
804164	"vj`"**4-7*
804165	"=SA)&"***\-
804166	"<SA)&"***\-
804167	";SA)&"***\-
804168	"vpj"**4-6*
804169	"9SA)&"***\-
80416A	"8SA)&"***\-
80416B	"vj`"**3-7*
80416C	"6SA)&"***\-
80416D	"5SA)&"***\-
80416E	"vpj"**3-6*
80416F	"3SA)&"***\-
804170	"vjT"**2-8*
804171	"1SA)&"***\-
804172	"vj`"**2-7*
804173	"/SA)&"***\-
804174	"vpj"**2-6*
804175	"-SA)&"***\-
804176	",SA)&"***\-
804177	"v5* "***9-
804178	"vjT"**1-8*
804179	"vj`"**1-7*
80417A	"vpj"**1-6*
80417B	"v5* "***5-
80417C	"v5* "***4-
80417D	"v5* "***3-
80417E	"v5* "***2-
80417F	"v5* "***1-
804180	"vpj"**6*
804181	"v5* "***1+
804182	"v5* "***2+
804183	"v5* "***3+
804184	"v5* "***4+
804185	"v5* "***5+
804186	"vpj"**1+6*
804187	"vj`"**1+7*
804188	"vjT"**1+8*
804189	"v5* "***9+
80418A	"v5* "***1+9+
80418B	"v5* "***2+9+
80418C	"vpj"**2+6*
80418D	"v5* "***4+9+
80418E	"vj`"**2+7*
80418F	"vp~V"+**5+3*
804190	"vjT"**2+8*
804191	"vjT"**1+8*9+
804192	"vpj"**3+6*
804193	"SR~y"+**3-5*
804194	"vp~!"+**5+4*
804195	"vj`"**3+7*
804196	"vj`"**2+7*8+
804197	"vj`"**2+7*9+
804198	"vpj"**4+6*
804199	"SA)&"***9-
80419A	"SA)&"***8-
80419B	"SA)&"***7-
80419C	"vj`"**4+7*
80419D	"SA)&"***5-
80419E	"vpj"**5+6*
80419F	"SA)&"***3-
8041A0	"vjT"**4+8*
8041A1	"SA)&"***1-
8041A2	"SA)&"***
8041A3	"vj`"**5+7*
8041A4	"vpj"**6+6*
8041A5	"SA)&"***3+
8041A6	"SA)&"***4+
8041A7	"SA)&"***5+
8041A8	"vjT"**5+8*
8041A9	"SA)&"***7+
8041AA	"gWC"**7*2*
8041AB	"SA)&"***9+
8041AC	",v5* "***+
8041AD	"-v5* "***+
8041AE	".v5* "***+
8041AF	"/v5* "***+
8041B0	"vpj"**8+6*
8041B1	"+#~g5"*+**
8041B2	"2v5* "***+
8041B3	"3v5* "***+
8041B4	"4v5* "***+
8041B5	"5v5* "***+
8041B6	"vpj"**9+6*
8041B7	"7v5* "***+
8041B8	"vj`"**8+7*
8041B9	"q_W"**8-9*
8041BA	":v5* "***+
8041BB	";v5* "***+
8041BC	"<v5* "***+
8041BD	"=v5* "***+
8041BE	">v5* "***+
8041BF	"vj`"**9+7*
8041C0	"vjT"**8+8*
8041C1	"Av5* "***+
8041C2	"q_W"**7-9*
8041C3	"!SA)&"***+
8041C4	"Dv5* "***+
8041C5	"#SA)&"***+
8041C6	"$SA)&"***+
8041C7	"%SA)&"***+
8041C8	"vjT"**9+8*
8041C9	"'SA)&"***+
8041CA	"(SA)&"***+
8041CB	"q_W"**6-9*
8041CC	"*SA)&"***+
8041CD	"+SA)&"***+
8041CE	",SA)&"***+
8041CF	"-SA)&"***+
8041D0	".SA)&"***+
8041D1	"/SA)&"***+
8041D2	"0SA)&"***+
8041D3	"1SA)&"***+
8041D4	"~~vp"*+*5*
8041D5	"3SA)&"***+
8041D6	"4SA)&"***+
8041D7	"5SA)&"***+
8041D8	"6SA)&"***+
8041D9	"7SA)&"***+
8041DA	"8SA)&"***+
8041DB	"9SA)&"***+
8041DC	":SA)&"***+
8041DD	"q_W"**4-9*
8041DE	"<SA)&"***+
8041DF	"=SA)&"***+
8041E0	">SA)&"***+
8041E1	"?SA)&"***+
8041E2	"&mlf"**+7*
8041E3	"oA~k"+**5*
8041E4	"|_O# "***\-
8041E5	"{_O# "***\-
8041E6	"~{hI"**+9*
8041E7	"y_O# "***\-
8041E8	"x_O# "***\-
8041E9	"'mlf"**+7*
8041EA	"v_O# "***\-
8041EB	"u_O# "***\-
8041EC	".~mf"**+6*
8041ED	"s_O# "***\-
8041EE	"r_O# "***\-
8041EF	"q_W"**2-9*
8041F0	"\[~}"+**4*
8041F1	"o_O# "***\-
8041F2	"/~mf"**+6*
8041F3	"m_O# "***\-
8041F4	"l_O# "***\-
8041F5	"k_O# "***\-
8041F6	"j_O# "***\-
8041F7	"=#~g%"*+**
8041F8	"q_W"**1-9*
8041F9	"q_W"**9*8-
8041FA	"q_W"**9*7-
8041FB	"q_W"**9*6-
8041FC	"q_W"**9*5-
8041FD	"q_W"**9*4-
8041FE	"q_W"**9*3-
8041FF	"q_W"**9*2-
804200	"q_W"**9*1-
804201	"q_W"**9*
804202	"q_W"**9*1+
804203	"q_W"**9*2+
804204	"q_W"**9*3+
804205	"q_W"**9*4+
804206	"q_W"**9*5+
804207	"q_W"**9*6+
804208	"q_W"**9*7+
804209	"q_W"**9*8+
80420A	"q_W"**1+9*
80420B	"U_O# "***\-
80420C	",mlf"**+7*
80420D	"S_O# "***\-
80420E	"R_O# "***\-
80420F	"Q_O# "***\-
804210	"4~mf"**+6*
804211	"O_O# "***\-
804212	"N_O# "***\-
804213	"q_W"**2+9*
804214	"L_O# "***\-
804215	"K_O# "***\-
804216	"5~mf"**+6*
804217	"I_O# "***\-
804218	"H_O# "***\-
804219	"G_O# "***\-
80421A	".mlf"**+7*
80421B	"E_O# "***\-
80421C	"q_W"**3+9*
80421D	"C_O# "***\-
80421E	"B_O# "***\-
80421F	"ma5"**5*3*
804220	"@_O# "***\-
804221	"/mlf"**+7*
804222	">_O# "***\-
804223	"=_O# "***\-
804224	"<_O# "***\-
804225	"q_W"**4+9*
804226	":_O# "***\-
804227	"9_O# "***\-
804228	"0mlf"**+7*
804229	"7_O# "***\-
80422A	"6_O# "***\-
80422B	"5_O# "***\-
80422C	"4_O# "***\-
80422D	"3_O# "***\-
80422E	"q_W"**5+9*
80422F	"1mlf"**+7*
804230	"gee"**9-8*
804231	"/_O# "***\-
804232	"._O# "***\-
804233	"-_O# "***\-
804234	",_O# "***\-
804235	"+_O# "***\-
804236	"2mlf"**+7*
804237	"q_W"**6+9*
804238	"gee"**8-8*
804239	"'_O# "***\-
80423A	"&_O# "***\-
80423B	"%_O# "***\-
80423C	"$_O# "***\-
80423D	"3mlf"**+7*
80423E	"q_W"**6+9*7+
80423F	"!_O# "***\-
804240	"gee"**7-8*
804241	"}Y65!"***\-
804242	"|Y65!"***\-
804243	"{Y65!"***\-
804244	"4mlf"**+7*
804245	"yY65!"***\-
804246	"xY65!"***\-
804247	"wY65!"***\-
804248	"gee"**6-8*
804249	"q_W"**8+9*
80424A	"tY65!"***\-
80424B	"5mlf"**+7*
80424C	"rY65!"***\-
80424D	"qY65!"***\-
80424E	"pY65!"***\-
80424F	"oY65!"***\-
804250	"gee"**5-8*
804251	"mY65!"***\-
804252	"o~wi"*+*6*
804253	"kY65!"***\-
804254	"jY65!"***\-
804255	"iY65!"***\-
804256	"hY65!"***\-
804257	"_O# "***9-
804258	"gee"**4-8*
804259	"_O# "***7-
80425A	"_O# "***6-
80425B	"_O# "***5-
80425C	"_O# "***4-
80425D	"_O# "***3-
80425E	"_O# "***2-
80425F	"_O# "***1-
804260	"_O# "***
804261	"_O# "***1+
804262	"_O# "***2+
804263	"_O# "***3+
804264	"_O# "***4+
804265	"_O# "***5+
804266	"_O# "***6+
804267	"_O# "***7+
804268	"gee"**2-8*
804269	"_O# "***9+
80426A	"TY65!"***\-
80426B	"SY65!"***\-
80426C	"RY65!"***\-
80426D	"jcY"**9-9*
80426E	":mlf"**+7*
80426F	"gee"**8*9-
804270	"gee"**1-8*
804271	"gee"**8*7-
804272	"gee"**8*6-
804273	"gee"**8*5-
804274	"gee"**8*4-
804275	"gee"**8*3-
804276	"jcY"**8-9*
804277	"gee"**8*1-
804278	"gee"**8*
804279	"gee"**8*1+
80427A	"gee"**8*2+
80427B	"gee"**8*3+
80427C	"gee"**8*4+
80427D	"gee"**8*5+
80427E	"gee"**8*6+
80427F	"jcY"**7-9*
804280	"a~je"*+*8*
804281	"gee"**8*9+
804282	"<Y65!"***\-
804283	"%vj`"**+7*
804284	":Y65!"***\-
804285	"9Y65!"***\-
804286	"8Y65!"***\-
804287	"7Y65!"***\-
804288	"lV~7"+**5*
804289	"5Y65!"***\-
80428A	"&vj`"**+7*
80428B	"3Y65!"***\-
80428C	"2Y65!"***\-
80428D	"1Y65!"***\-
80428E	"0Y65!"***\-
80428F	"/Y65!"***\-
804290	"gee"**3+8*
804291	"jcY"**5-9*
804292	",Y65!"***\-
804293	"+Y65!"***\-
804294	"*Y65!"***\-
804295	")Y65!"***\-
804296	"(Y65!"***\-
804297	"'Y65!"***\-
804298	"R~zw"*+*7*
804299	"%Y65!"***\-
80429A	"jcY"**4-9*
80429B	"#Y65!"***\-
80429C	"<_O# "***+
80429D	"!Y65!"***\-
80429E	" Y65!"***\-
80429F	"?_O# "***+
8042A0	"gee"**5+8*
8042A1	"A_O# "***+
8042A2	"B_O# "***+
8042A3	"jcY"**3-9*
8042A4	"D_O# "***+
8042A5	"E_O# "***+
8042A6	"F_O# "***+
8042A7	"G_O# "***+
8042A8	"gee"**6+8*
8042A9	"I_O# "***+
8042AA	"~A=5("***\-
8042AB	"}A=5("***\-
8042AC	"jcY"**2-9*
8042AD	"+vj`"**+7*
8042AE	"zA=5("***\-
8042AF	"yA=5("***\-
8042B0	"gee"**7+8*
8042B1	"wA=5("***\-
8042B2	"vA=5("***\-
8042B3	"uA=5("***\-
8042B4	",vj`"**+7*
8042B5	"jcY"**1-9*
8042B6	"Y65!"***8-
8042B7	"Y65!"***7-
8042B8	"gee"**8+8*
8042B9	"Y65!"***5-
8042BA	"Y65!"***4-
8042BB	"Y65!"***3-
8042BC	"Y65!"***2-
8042BD	"Y65!"***1-
8042BE	"jcY"**9*
8042BF	"Y65!"***1+
8042C0	"gee"**9+8*
8042C1	"Y65!"***3+
8042C2	"Y65!"***4+
8042C3	"Y65!"***5+
8042C4	"Y65!"***6+
8042C5	"Y65!"***7+
8042C6	"Y65!"***8+
8042C7	"jcY"**1+9*
8042C8	"`A=5("***\-
8042C9	"M#~I)"*+**
8042CA	"^A=5("***\-
8042CB	"]A=5("***\-
8042CC	"\A=5("***\-
8042CD	"[A=5("***\-
8042CE	"ZA=5("***\-
8042CF	"YA=5("***\-
8042D0	"jcY"**2+9*
8042D1	"WA=5("***\-
8042D2	"VA=5("***\-
8042D3	"UA=5("***\-
8042D4	"TA=5("***\-
8042D5	"SA=5("***\-
8042D6	"RA=5("***\-
8042D7	"1vj`"**+7*
8042D8	"PA=5("***\-
8042D9	"jcY"**3+9*
8042DA	"NA=5("***\-
8042DB	"MA=5("***\-
8042DC	"LA=5("***\-
8042DD	"KA=5("***\-
8042DE	"2vj`"**+7*
8042DF	"IA=5("***\-
8042E0	"HA=5("***\-
8042E1	"GA=5("***\-
8042E2	"jcY"**4+9*
8042E3	"EA=5("***\-
8042E4	"DA=5("***\-
8042E5	"3vj`"**+7*
8042E6	"BA=5("***\-
8042E7	"AA=5("***\-
8042E8	"@A=5("***\-
8042E9	"?A=5("***\-
8042EA	">A=5("***\-
8042EB	"==~}"+**9*
8042EC	"4vj`"**+7*
8042ED	";A=5("***\-
8042EE	":A=5("***\-
8042EF	"9A=5("***\-
8042F0	"8A=5("***\-
8042F1	"7A=5("***\-
8042F2	"6A=5("***\-
8042F3	"5vj`"**+7*
8042F4	"jcY"**6+9*
8042F5	"3A=5("***\-
8042F6	"2A=5("***\-
8042F7	"1A=5("***\-
8042F8	"0A=5("***\-
8042F9	"/A=5("***\-
8042FA	".A=5("***\-
8042FB	"-A=5("***\-
8042FC	",A=5("***\-
8042FD	"jcY"**7+9*
8042FE	"*A=5("***\-
8042FF	")A=5("***\-
804300	"xX~I"+**4*
804301	"'A=5("***\-
804302	"&A=5("***\-
804303	"%A=5("***\-
804304	"$A=5("***\-
804305	"#A=5("***\-
804306	"jcY"**8+9*
804307	"!A=5("***\-
804308	" A=5("***\-
804309	"3UC)$"***\-
80430A	"2UC)$"***\-
80430B	"1UC)$"***\-
80430C	"0UC)$"***\-
80430D	"/UC)$"***\-
80430E	".UC)$"***\-
80430F	"i~oO"*+*9*
804310	",UC)$"***\-
804311	"+UC)$"***\-
804312	"*UC)$"***\-
804313	")UC)$"***\-
804314	"(UC)$"***\-
804315	"'UC)$"***\-
804316	"&UC)$"***\-
804317	"%UC)$"***\-
804318	"l^\"**8-9*
804319	"#UC)$"***\-
80431A	"FQE/ "***\-
80431B	"!UC)$"***\-
80431C	" UC)$"***\-
80431D	";~S1#"**+*
80431E	"BQE/ "***\-
80431F	"A=5("***9-
804320	"A=5("***8-
804321	"l^\"**7-9*
804322	"A=5("***6-
804323	"A=5("***5-
804324	"A=5("***4-
804325	"A=5("***3-
804326	"A=5("***2-
804327	"A=5("***1-
804328	"A=5("***
804329	"A=5("***1+
80432A	"l^\"**6-9*
80432B	"A=5("***3+
80432C	"I,~5/"*+**
80432D	"A=5("***5+
80432E	"A=5("***6+
80432F	"A=5("***7+
804330	"A=5("***8+
804331	"A=5("***9+
804332	"s.~e"+**7*
804333	"l^\"**5-9*
804334	"UC)$"***8-
804335	"UC)$"***7-
804336	"UC)$"***6-
804337	"UC)$"***5-
804338	"UC)$"***4-
804339	"UC)$"***3-
80433A	"UC)$"***2-
80433B	"UC)$"***1-
80433C	"UC)$"***
80433D	"UC)$"***1+
80433E	"UC)$"***2+
80433F	"UC)$"***3+
804340	"t~tM"*+*8*
804341	"UC)$"***5+
804342	"eao "+**6*
804343	"UC)$"***7+
804344	"UC)$"***8+
804345	"l^\"**3-9*
804346	"x^I##"***\-
804347	"w^I##"***\-
804348	"v^I##"***\-
804349	"u^I##"***\-
80434A	"t^I##"***\-
80434B	"s^I##"***\-
80434C	"r^I##"***\-
80434D	"q^I##"***\-
80434E	"l^\"**2-9*
80434F	"o^I##"***\-
804350	"n^I##"***\-
804351	"m^I##"***\-
804352	"l^I##"***\-
804353	"k^I##"***\-
804354	"q~vh"*+*6*
804355	"%#~_C"*+**
804356	"h^I##"***\-
804357	"9~_/!"**+*
804358	"QE/ "***8-
804359	"QE/ "***7-
80435A	"QE/ "***6-
80435B	"QE/ "***5-
80435C	"QE/ "***4-
80435D	"QE/ "***3-
80435E	"QE/ "***2-
80435F	"QE/ "***1-
804360	"l^\"**9*
804361	"QE/ "***1+
804362	"QE/ "***2+
804363	"QE/ "***3+
804364	"QE/ "***4+
804365	"QE/ "***5+
804366	"QE/ "***6+
804367	"QE/ "***7+
804368	"QE/ "***8+
804369	"l^\"**1+9*
80436A	"T^I##"***\-
80436B	"S^I##"***\-
80436C	"R^I##"***\-
80436D	"Q^I##"***\-
80436E	"P^I##"***\-
80436F	"O^I##"***\-
804370	"N^I##"***\-
804371	"M^I##"***\-
804372	"l^\"**2+9*
804373	"K^I##"***\-
804374	"J^I##"***\-
804375	"I^I##"***\-
804376	"H^I##"***\-
804377	"G^I##"***\-
804378	"F^I##"***\-
804379	"E^I##"***\-
80437A	"D^I##"***\-
80437B	"l^\"**3+9*
80437C	"B^I##"***\-
80437D	"A^I##"***\-
80437E	"@^I##"***\-
80437F	"?^I##"***\-
804380	"D ~e%"*+**
804381	"=^I##"***\-
804382	"<^I##"***\-
804383	";^I##"***\-
804384	"l^\"**4+9*
804385	"9^I##"***\-
804386	"8^I##"***\-
804387	"7^I##"***\-
804388	"6^I##"***\-
804389	"5^I##"***\-
80438A	"4^I##"***\-
80438B	"3^I##"***\-
80438C	"2^I##"***\-
80438D	"?1~51"*+**
80438E	"0^I##"***\-
80438F	"/^I##"***\-
804390	".^I##"***\-
804391	"-^I##"***\-
804392	",^I##"***\-
804393	"+^I##"***\-
804394	"*^I##"***\-
804395	")^I##"***\-
804396	"l^\"**6+9*
804397	"'^I##"***\-
804398	"&^I##"***\-
804399	"%^I##"***\-
80439A	"$^I##"***\-
80439B	"#^I##"***\-
80439C	"K]S!!"***\-
80439D	"!^I##"***\-
80439E	" ^I##"***\-
80439F	"l^\"**7+9*
8043A0	"G]S!!"***\-
8043A1	"F]S!!"***\-
8043A2	"zw~C"+**3*
8043A3	"D]S!!"***\-
8043A4	"C]S!!"***\-
8043A5	"B]S!!"***\-
8043A6	"A]S!!"***\-
8043A7	"@]S!!"***\-
8043A8	"l^\"**8+9*
8043A9	">]S!!"***\-
8043AA	"=]S!!"***\-
8043AB	"<]S!!"***\-
8043AC	";]S!!"***\-
8043AD	":]S!!"***\-
8043AE	"9]S!!"***\-
8043AF	"8]S!!"***\-
8043B0	"7]S!!"***\-
8043B1	"l^\"**9+9*
8043B2	"5]S!!"***\-
8043B3	"4]S!!"***\-
8043B4	"3]S!!"***\-
8043B5	"^I##"***9-
8043B6	"^I##"***8-
8043B7	"^I##"***7-
8043B8	"^I##"***6-
8043B9	"^I##"***5-
8043BA	"y]S"**5-9*
8043BB	"^I##"***3-
8043BC	"^I##"***2-
8043BD	"^I##"***1-
8043BE	"^I##"***
8043BF	"^I##"***1+
8043C0	"^I##"***2+
8043C1	"^I##"***3+
8043C2	"^I##"***4+
8043C3	"y]S"**4-9*
8043C4	"^I##"***6+
8043C5	"^I##"***7+
8043C6	"^I##"***8+
8043C7	"^I##"***9+
8043C8	"hQE/ "***+
8043C9	"iQE/ "***+
8043CA	"jQE/ "***+
8043CB	"kQE/ "***+
8043CC	"y]S"**3-9*
8043CD	"mQE/ "***+
8043CE	"nQE/ "***+
8043CF	"oQE/ "***+
8043D0	"pQE/ "***+
8043D1	"qQE/ "***+
8043D2	"rQE/ "***+
8043D3	"sQE/ "***+
8043D4	"tQE/ "***+
8043D5	"y]S"**2-9*
8043D6	"vQE/ "***+
8043D7	"wQE/ "***+
8043D8	"xQE/ "***+
8043D9	"yQE/ "***+
8043DA	"zQE/ "***+
8043DB	"{QE/ "***+
8043DC	"|QE/ "***+
8043DD	"}QE/ "***+
8043DE	"y]S"**1-9*
8043DF	"=~==%"**+*
8043E0	"VRu "+**8*
8043E1	"]S!!"***6-
8043E2	"]S!!"***5-
8043E3	"]S!!"***4-
8043E4	"]S!!"***3-
8043E5	"]S!!"***2-
8043E6	"]S!!"***1-
8043E7	"y]S"**9*
8043E8	"]S!!"***1+
8043E9	"]S!!"***2+
8043EA	"]S!!"***3+
8043EB	"]S!!"***4+
8043EC	"]S!!"***5+
8043ED	"]S!!"***6+
8043EE	"]S!!"***7+
8043EF	"]S!!"***8+
8043F0	"}~xE"*+*8*
8043F1	"3^I##"***+
8043F2	"4^I##"***+
8043F3	"5^I##"***+
8043F4	"6^I##"***+
8043F5	"7^I##"***+
8043F6	"8^I##"***+
8043F7	"9^I##"***+
8043F8	":^I##"***+
8043F9	"y]S"**2+9*
8043FA	"<^I##"***+
8043FB	"=^I##"***+
8043FC	">^I##"***+
8043FD	"?^I##"***+
8043FE	"@^I##"***+
8043FF	"A^I##"***+
804400	"B^I##"***+
804401	"C^I##"***+
804402	"y]S"**3+9*
804403	"E^I##"***+
804404	"F^I##"***+
804405	"G^I##"***+
804406	"H^I##"***+
804407	" ]S!!"***+
804408	"!]S!!"***+
804409	"K^I##"***+
80440A	"#]S!!"***+
80440B	"kW+"**7*3*
80440C	"%]S!!"***+
80440D	"&]S!!"***+
80440E	"']S!!"***+
80440F	"(]S!!"***+
804410	")]S!!"***+
804411	"*]S!!"***+
804412	"+]S!!"***+
804413	",]S!!"***+
804414	"y]S"**5+9*
804415	".]S!!"***+
804416	"/]S!!"***+
804417	"0]S!!"***+
804418	"1]S!!"***+
804419	"2]S!!"***+
80441A	"3]S!!"***+
80441B	"4]S!!"***+
80441C	"5]S!!"***+
80441D	"y]S"**6+9*
80441E	"7]S!!"***+
80441F	"8]S!!"***+
804420	"9]S!!"***+
804421	":]S!!"***+
804422	"Y2~+)"*+**
804423	"<]S!!"***+
804424	"=]S!!"***+
804425	">]S!!"***+
804426	"y]S"**7+9*
804427	"@]S!!"***+
804428	"A]S!!"***+
804429	"B]S!!"***+
80442A	"C]S!!"***+
80442B	"D]S!!"***+
80442C	"E]S!!"***+
80442D	"F]S!!"***+
80442E	"G]S!!"***+
80442F	"y]S"**8+9*
804430	"}m9)!"***\-
804431	"|m9)!"***\-
804432	"{m9)!"***\-
804433	"zm9)!"***\-
804434	"ym9)!"***\-
804435	"xm9)!"***\-
804436	"qV~/"+**5*
804437	"vm9)!"***\-
804438	"y]S"**9+9*
804439	"tm9)!"***\-
80443A	"sm9)!"***\-
80443B	"rm9)!"***\-
80443C	"qm9)!"***\-
80443D	"pm9)!"***\-
80443E	"om9)!"***\-
80443F	"nm9)!"***\-
804440	"mP~s"+**4*
804441	"lm9)!"***\-
804442	"km9)!"***\-
804443	"jm9)!"***\-
804444	"vvpj"**+6*
804445	"hm9)!"***\-
804446	"gm9)!"***\-
804447	"fm9)!"***\-
804448	"em9)!"***\-
804449	"dm9)!"***\-
80444A	"n~mc"*+*7*
80444B	"bm9)!"***\-
80444C	"am9)!"***\-
80444D	"`m9)!"***\-
80444E	"_m9)!"***\-
80444F	"^m9)!"***\-
804450	"I~{t"*+*8*
804451	"\m9)!"***\-
804452	"[m9)!"***\-
804453	"u~aQ"*+*9*
804454	"Ym9)!"***\-
804455	"Xm9)!"***\-
804456	"yvpj"**+6*
804457	"Vm9)!"***\-
804458	"Um9)!"***\-
804459	"Tm9)!"***\-
80445A	"Sm9)!"***\-
80445B	"Rm9)!"***\-
80445C	"zvpj"**+6*
80445D	"Pm9)!"***\-
80445E	"Om9)!"***\-
80445F	"Nm9)!"***\-
804460	"yh~)"+**4*
804461	"Lm9)!"***\-
804462	"{vpj"**+6*
804463	"Jm9)!"***\-
804464	"Im9)!"***\-
804465	"Hm9)!"***\-
804466	"Gm9)!"***\-
804467	"Fm9)!"***\-
804468	"|vpj"**+6*
804469	"Dm9)!"***\-
80446A	"Cm9)!"***\-
80446B	"Bm9)!"***\-
80446C	"Am9)!"***\-
80446D	"@m9)!"***\-
80446E	"}vpj"**+6*
80446F	">m9)!"***\-
804470	"=m9)!"***\-
804471	"<m9)!"***\-
804472	";m9)!"***\-
804473	":m9)!"***\-
804474	"r.~g"+**7*
804475	"8m9)!"***\-
804476	"7m9)!"***\-
804477	"6m9)!"***\-
804478	"5m9)!"***\-
804479	"4m9)!"***\-
80447A	"3m9)!"***\-
80447B	"gYc "+**7*
80447C	"1m9)!"***\-
80447D	"0m9)!"***\-
80447E	"/m9)!"***\-
80447F	".m9)!"***\-
804480	"-m9)!"***\-
804481	",m9)!"***\-
804482	"+m9)!"***\-
804483	"*m9)!"***\-
804484	")m9)!"***\-
804485	"(m9)!"***\-
804486	"'m9)!"***\-
804487	"&m9)!"***\-
804488	"%m9)!"***\-
804489	"$m9)!"***\-
80448A	"#m9)!"***\-
80448B	"Ke:)#"***\-
80448C	"!m9)!"***\-
80448D	" m9)!"***\-
80448E	"He:)#"***\-
80448F	"Ge:)#"***\-
804490	"Cgee"**+8*
804491	"Ee:)#"***\-
804492	"De:)#"***\-
804493	"Ce:)#"***\-
804494	"Be:)#"***\-
804495	"Ae:)#"***\-
804496	"@e:)#"***\-
804497	"?e:)#"***\-
804498	">e:)#"***\-
804499	"=e:)#"***\-
80449A	"<e:)#"***\-
80449B	";e:)#"***\-
80449C	":e:)#"***\-
80449D	"9e:)#"***\-
80449E	"8e:)#"***\-
80449F	"7e:)#"***\-
8044A0	"6e:)#"***\-
8044A1	"5e:)#"***\-
8044A2	"4e:)#"***\-
8044A3	"3e:)#"***\-
8044A4	"m9)!"***9-
8044A5	"m9)!"***8-
8044A6	"m9)!"***7-
8044A7	"m9)!"***6-
8044A8	"m9)!"***5-
8044A9	"m9)!"***4-
8044AA	"m9)!"***3-
8044AB	"m9)!"***2-
8044AC	"m9)!"***1-
8044AD	"m9)!"***
8044AE	"m9)!"***1+
8044AF	"m9)!"***2+
8044B0	"m9)!"***3+
8044B1	"m9)!"***4+
8044B2	"m9)!"***5+
8044B3	"m9)!"***6+
8044B4	"m9)!"***7+
8044B5	"m9)!"***8+
8044B6	"m9)!"***9+
8044B7	"Yz:$!"***\-
8044B8	"Xz:$!"***\-
8044B9	"Wz:$!"***\-
8044BA	"Vz:$!"***\-
8044BB	"Uz:$!"***\-
8044BC	"Tz:$!"***\-
8044BD	"Sz:$!"***\-
8044BE	"Rz:$!"***\-
8044BF	"ztB"**9-9*
8044C0	"|L~a"+**4*
8044C1	"Oz:$!"***\-
8044C2	"Nz:$!"***\-
8044C3	"Mz:$!"***\-
8044C4	"Lz:$!"***\-
8044C5	"Kz:$!"***\-
8044C6	"Jz:$!"***\-
8044C7	"Iz:$!"***\-
8044C8	"u~sM"*+*8*
8044C9	"Gz:$!"***\-
8044CA	"Fz:$!"***\-
8044CB	"Ez:$!"***\-
8044CC	"Dz:$!"***\-
8044CD	"e:)#"***9-
8044CE	"e:)#"***8-
8044CF	"e:)#"***7-
8044D0	"zcW"**8-8*
8044D1	"ztB"**7-9*
8044D2	"e:)#"***4-
8044D3	"e:)#"***3-
8044D4	"e:)#"***2-
8044D5	"e:)#"***1-
8044D6	"e:)#"***
8044D7	"e:)#"***1+
8044D8	"zcW"**7-8*
8044D9	"e:)#"***3+
8044DA	"ztc"**9-6*
8044DB	"e:)#"***5+
8044DC	"e:)#"***6+
8044DD	"e:)#"***7+
8044DE	"e:)#"***8+
8044DF	"e:)#"***9+
8044E0	"xS~U"+**4*
8044E1	"/z:$!"***\-
8044E2	".z:$!"***\-
8044E3	"ztB"**5-9*
8044E4	",z:$!"***\-
8044E5	"+z:$!"***\-
8044E6	"ztc"**7-6*
8044E7	")z:$!"***\-
8044E8	"zcW"**5-8*
8044E9	"'z:$!"***\-
8044EA	"&z:$!"***\-
8044EB	"%z:$!"***\-
8044EC	"ztc"**6-6*
8044ED	"#z:$!"***\-
8044EE	"Am9)!"***+
8044EF	"!z:$!"***\-
8044F0	"zcW"**4-8*
8044F1	"Dm9)!"***+
8044F2	"ztc"**5-6*
8044F3	"Fm9)!"***+
8044F4	"Gm9)!"***+
8044F5	"ztB"**3-9*
8044F6	" e:)#"***+
8044F7	"!e:)#"***+
8044F8	"ztc"**4-6*
8044F9	"#e:)#"***+
8044FA	"$e:)#"***+
8044FB	"%e:)#"***+
8044FC	"&e:)#"***+
8044FD	"'e:)#"***+
8044FE	"s]c "+**6*
8044FF	")e:)#"***+
804500	"p~hY"*+*8*
804501	"+e:)#"***+
804502	"~dG% "***\-
804503	"}dG% "***\-
804504	"ztc"**2-6*
804505	"{dG% "***\-
804506	"zdG% "***\-
804507	"w/~)"+**9*
804508	"zcW"**1-8*
804509	"z:$!"***7-
80450A	"ztc"**1-6*
80450B	"z:$!"***5-
80450C	"z:$!"***4-
80450D	"z:$!"***3-
80450E	"z:$!"***2-
80450F	"z:$!"***1-
804510	"ztc"**6*
804511	"z:$!"***1+
804512	"z:$!"***2+
804513	"z:$!"***3+
804514	"z:$!"***4+
804515	"z:$!"***5+
804516	"ztc"**1+6*
804517	"z:$!"***7+
804518	"zcW"**1+8*
804519	"ztB"**1+9*
80451A	"fdG% "***\-
80451B	"edG% "***\-
80451C	"ztc"**2+6*
80451D	"cdG% "***\-
80451E	"bdG% "***\-
80451F	"adG% "***\-
804520	"zcW"**2+8*
804521	"_dG% "***\-
804522	"ztc"**3+6*
804523	"]dG% "***\-
804524	"\dG% "***\-
804525	"[dG% "***\-
804526	"ZdG% "***\-
804527	"YdG% "***\-
804528	"ztc"**4+6*
804529	"WdG% "***\-
80452A	"VdG% "***\-
80452B	"I~{g"*+*9*
80452C	"TdG% "***\-
80452D	"SdG% "***\-
80452E	"ztc"**5+6*
80452F	"QdG% "***\-
804530	"vhi "+**5*
804531	"OdG% "***\-
804532	"NdG% "***\-
804533	"MdG% "***\-
804534	"ztc"**6+6*
804535	"KdG% "***\-
804536	"JdG% "***\-
804537	"IdG% "***\-
804538	"zcW"**5+8*
804539	"GdG% "***\-
80453A	"ztc"**7+6*
80453B	"EdG% "***\-
80453C	"DdG% "***\-
80453D	"ztB"**5+9*
80453E	"BdG% "***\-
80453F	"AdG% "***\-
804540	"ztc"**8+6*
804541	"?dG% "***\-
804542	">dG% "***\-
804543	"=dG% "***\-
804544	"<dG% "***\-
804545	";dG% "***\-
804546	"ztc"**9+6*
804547	"9dG% "***\-
804548	"zcW"**7+8*
804549	"7dG% "***\-
80454A	"6dG% "***\-
80454B	"5dG% "***\-
80454C	"4dG% "***\-
80454D	"3dG% "***\-
80454E	"2dG% "***\-
80454F	"ztB"**7+9*
804550	"zcW"**8+8*
804551	"/dG% "***\-
804552	".dG% "***\-
804553	"-dG% "***\-
804554	",dG% "***\-
804555	"+dG% "***\-
804556	"*dG% "***\-
804557	")dG% "***\-
804558	"zcW"**9+8*
804559	"'dG% "***\-
80455A	"&dG% "***\-
80455B	"%dG% "***\-
80455C	"$dG% "***\-
80455D	"#dG% "***\-
80455E	"Be33 "***\-
80455F	"!dG% "***\-
804560	"ffe"**8-8*
804561	"ztB"**9+9*
804562	">e33 "***\-
804563	"=e33 "***\-
804564	"<e33 "***\-
804565	";e33 "***\-
804566	":e33 "***\-
804567	"9e33 "***\-
804568	"ffe"**7-8*
804569	"7e33 "***\-
80456A	"~taS"**+9*
80456B	"5e33 "***\-
80456C	"4e33 "***\-
80456D	"3e33 "***\-
80456E	"2e33 "***\-
80456F	"1e33 "***\-
804570	"ffe"**6-8*
804571	"/e33 "***\-
804572	".e33 "***\-
804573	"-e33 "***\-
804574	",e33 "***\-
804575	"+e33 "***\-
804576	"*e33 "***\-
804577	"dG% "***9-
804578	"ffe"**5-8*
804579	"dG% "***7-
80457A	"dG% "***6-
80457B	"dG% "***5-
80457C	"dG% "***4-
80457D	"dG% "***3-
80457E	"dG% "***2-
80457F	"dG% "***1-
804580	"dG% "***
804581	"dG% "***1+
804582	"dG% "***2+
804583	"dG% "***3+
804584	"dG% "***4+
804585	"dG% "***5+
804586	"dG% "***6+
804587	"dG% "***7+
804588	"a\} "+**6*
804589	"dG% "***9+
80458A	"OS51'"***\-
80458B	"NS51'"***\-
80458C	"MS51'"***\-
80458D	"LS51'"***\-
80458E	"V~q_"*+*9*
80458F	"JS51'"***\-
804590	"ffe"**2-8*
804591	"HS51'"***\-
804592	"GS51'"***\-
804593	"FS51'"***\-
804594	"ES51'"***\-
804595	"DS51'"***\-
804596	"CS51'"***\-
804597	"e33 "***9-
804598	"ffe"**1-8*
804599	"e33 "***7-
80459A	"e33 "***6-
80459B	"e33 "***5-
80459C	"e33 "***4-
80459D	"e33 "***3-
80459E	"e33 "***2-
80459F	"e33 "***1-
8045A0	"ffe"**8*
8045A1	"e33 "***1+
8045A2	"e33 "***2+
8045A3	"e33 "***3+
8045A4	"j&~5%"*+**
8045A5	"e33 "***5+
8045A6	"e33 "***6+
8045A7	"e33 "***7+
8045A8	"ffe"**1+8*
8045A9	"e33 "***9+
8045AA	"/S51'"***\-
8045AB	".S51'"***\-
8045AC	"-S51'"***\-
8045AD	",S51'"***\-
8045AE	"+S51'"***\-
8045AF	"*S51'"***\-
8045B0	"ffe"**2+8*
8045B1	"(S51'"***\-
8045B2	"'S51'"***\-
8045B3	"&S51'"***\-
8045B4	"%S51'"***\-
8045B5	"$S51'"***\-
8045B6	"#S51'"***\-
8045B7	"-U2.+"***\-
8045B8	"ffe"**3+8*
8045B9	" S51'"***\-
8045BA	"*U2.+"***\-
8045BB	")U2.+"***\-
8045BC	"(U2.+"***\-
8045BD	"'U2.+"***\-
8045BE	"&U2.+"***\-
8045BF	"%U2.+"***\-
8045C0	"ffe"**4+8*
8045C1	"#U2.+"***\-
8045C2	"wUQ%!"***\-
8045C3	"!U2.+"***\-
8045C4	" U2.+"***\-
8045C5	"tUQ%!"***\-
8045C6	"sUQ%!"***\-
8045C7	"G=~7!"*+**
8045C8	"ffe"**5+8*
8045C9	"pUQ%!"***\-
8045CA	"oUQ%!"***\-
8045CB	"nUQ%!"***\-
8045CC	"mUQ%!"***\-
8045CD	"lUQ%!"***\-
8045CE	"kUQ%!"***\-
8045CF	"jUQ%!"***\-
8045D0	"ffe"**6+8*
8045D1	"S51'"***8-
8045D2	"S51'"***7-
8045D3	"S51'"***6-
8045D4	"S51'"***5-
8045D5	"S51'"***4-
8045D6	"S51'"***3-
8045D7	"S51'"***2-
8045D8	"ffe"**7+8*
8045D9	"S51'"***
8045DA	"S51'"***1+
8045DB	"S51'"***2+
8045DC	"S51'"***3+
8045DD	"S51'"***4+
8045DE	"S51'"***5+
8045DF	"S51'"***6+
8045E0	"ffe"**8+8*
8045E1	"S51'"***8+
8045E2	"S51'"***9+
8045E3	"U2.+"***1-
8045E4	"U2.+"***
8045E5	"U2.+"***1+
8045E6	"U2.+"***2+
8045E7	"U2.+"***3+
8045E8	"ffe"**9+8*
8045E9	"U2.+"***5+
8045EA	"U2.+"***6+
8045EB	"U2.+"***7+
8045EC	"U2.+"***8+
8045ED	"U2.+"***9+
8045EE	"KUQ%!"***\-
8045EF	"JUQ%!"***\-
8045F0	"IUQ%!"***\-
8045F1	"ocU"**8-9*
8045F2	"GUQ%!"***\-
8045F3	"FUQ%!"***\-
8045F4	"EUQ%!"***\-
8045F5	"DUQ%!"***\-
8045F6	"CUQ%!"***\-
8045F7	"BUQ%!"***\-
8045F8	"AUQ%!"***\-
8045F9	"@UQ%!"***\-
8045FA	"q~nJ"*+*9*
8045FB	">UQ%!"***\-
8045FC	"=UQ%!"***\-
8045FD	"<UQ%!"***\-
8045FE	";UQ%!"***\-
8045FF	":UQ%!"***\-
804600	"9UQ%!"***\-
804601	"8UQ%!"***\-
804602	"7UQ%!"***\-
804603	"ocU"**6-9*
804604	"5UQ%!"***\-
804605	"4UQ%!"***\-
804606	"3UQ%!"***\-
804607	"2UQ%!"***\-
804608	"1UQ%!"***\-
804609	"0UQ%!"***\-
80460A	"/UQ%!"***\-
80460B	".UQ%!"***\-
80460C	"ocU"**5-9*
80460D	",UQ%!"***\-
80460E	"+UQ%!"***\-
80460F	"*UQ%!"***\-
804610	")UQ%!"***\-
804611	"(UQ%!"***\-
804612	"'UQ%!"***\-
804613	"&UQ%!"***\-
804614	"OJ~ )"*+**
804615	"ocU"**4-9*
804616	"#UQ%!"***\-
804617	"@E;;#"***\-
804618	"!UQ%!"***\-
804619	" UQ%!"***\-
80461A	"=E;;#"***\-
80461B	"<E;;#"***\-
80461C	";E;;#"***\-
80461D	"C~75+"**+*
80461E	"ocU"**3-9*
80461F	"8E;;#"***\-
804620	"7E;;#"***\-
804621	"6E;;#"***\-
804622	"5E;;#"***\-
804623	"4E;;#"***\-
804624	"3E;;#"***\-
804625	"2E;;#"***\-
804626	"1E;;#"***\-
804627	"ocU"**2-9*
804628	"/E;;#"***\-
804629	".E;;#"***\-
80462A	"-E;;#"***\-
80462B	",E;;#"***\-
80462C	"+E;;#"***\-
80462D	"wtW"**9-7*
80462E	")E;;#"***\-
80462F	"(E;;#"***\-
804630	"ocU"**1-9*
804631	"UQ%!"***8-
804632	"UQ%!"***7-
804633	"UQ%!"***6-
804634	"|[u "+**5*
804635	"UQ%!"***4-
804636	"UQ%!"***3-
804637	"UQ%!"***2-
804638	"UQ%!"***1-
804639	"ocU"**9*
80463A	"UQ%!"***1+
80463B	"wtW"**7-7*
80463C	"UQ%!"***3+
80463D	"UQ%!"***4+
80463E	"UQ%!"***5+
80463F	"UQ%!"***6+
804640	"UQ%!"***7+
804641	"UQ%!"***8+
804642	"wtW"**6-7*
804643	")::31"***\-
804644	"(::31"***\-
804645	"'::31"***\-
804646	"&::31"***\-
804647	"%::31"***\-
804648	"$::31"***\-
804649	"wtW"**5-7*
80464A	"R\G'!"***\-
80464B	"ocU"**2+9*
80464C	" ::31"***\-
80464D	"O\G'!"***\-
80464E	"E;;#"***9-
80464F	"E;;#"***8-
804650	"^~sn"*+*7*
804651	"E;;#"***6-
804652	"E;;#"***5-
804653	"E;;#"***4-
804654	"ocU"**3+9*
804655	"E;;#"***2-
804656	"E;;#"***1-
804657	"E;;#"***
804658	"E;;#"***1+
804659	"E;;#"***2+
80465A	"E;;#"***3+
80465B	"E;;#"***4+
80465C	"E;;#"***5+
80465D	"ocU"**4+9*
80465E	"wtW"**2-7*
80465F	"E;;#"***8+
804660	"E;;#"***9+
804661	";\G'!"***\-
804662	":\G'!"***\-
804663	"OO~%!"*+**
804664	"::31"***8-
804665	"wtW"**1-7*
804666	"ocU"**5+9*
804667	"::31"***5-
804668	"~gee"**+8*
804669	"::31"***3-
80466A	"::31"***2-
80466B	"::31"***1-
80466C	"wtW"**7*
80466D	"::31"***1+
80466E	"::31"***2+
80466F	"~q_W"**+9*
804670	"nR~k"+**4*
804671	"::31"***5+
804672	"::31"***6+
804673	"wtW"**1+7*
804674	"::31"***8+
804675	"::31"***9+
804676	"&\G'!"***\-
804677	"%\G'!"***\-
804678	"j~eV"*+*9*
804679	"#\G'!"***\-
80467A	"wtW"**2+7*
80467B	"!\G'!"***\-
80467C	" \G'!"***\-
80467D	"&E;;#"***+
80467E	"zg~a"+**3*
80467F	"(E;;#"***+
804680	")E;;#"***+
804681	"wtW"**3+7*
804682	"+E;;#"***+
804683	",E;;#"***+
804684	"-E;;#"***+
804685	".E;;#"***+
804686	"/E;;#"***+
804687	"0E;;#"***+
804688	"wtW"**4+7*
804689	"2E;;#"***+
80468A	"ocU"**9+9*
80468B	"4E;;#"***+
80468C	" ::31"***+
80468D	"!::31"***+
80468E	"7E;;#"***+
80468F	"wtW"**5+7*
804690	"$::31"***+
804691	"%::31"***+
804692	"&::31"***+
804693	"\G'!"***9-
804694	"\G'!"***8-
804695	"\G'!"***7-
804696	"wtW"**6+7*
804697	"\G'!"***5-
804698	"\G'!"***4-
804699	"\G'!"***3-
80469A	"\G'!"***2-
80469B	"\G'!"***1-
80469C	"\G'!"***
80469D	"wtW"**7+7*
80469E	"\G'!"***2+
80469F	"\G'!"***3+
8046A0	"\G'!"***4+
8046A1	"\G'!"***5+
8046A2	"\G'!"***6+
8046A3	"\G'!"***7+
8046A4	"wtW"**8+7*
8046A5	"\G'!"***9+
8046A6	":::31"***+
8046A7	";::31"***+
8046A8	"<::31"***+
8046A9	"=::31"***+
8046AA	">::31"***+
8046AB	"wtW"**9+7*
8046AC	"@::31"***+
8046AD	"A::31"***+
8046AE	"r/~'%"*+**
8046AF	"C::31"***+
8046B0	"D::31"***+
8046B1	"E::31"***+
8046B2	"F::31"***+
8046B3	"G::31"***+
8046B4	"H::31"***+
8046B5	"I::31"***+
8046B6	"J::31"***+
8046B7	"K::31"***+
8046B8	"L::31"***+
8046B9	"zk\"**9-7*
8046BA	"N::31"***+
8046BB	"O::31"***+
8046BC	" \G'!"***+
8046BD	"!\G'!"***+
8046BE	"R::31"***+
8046BF	"#\G'!"***+
8046C0	"~xk "+**4*
8046C1	"%\G'!"***+
8046C2	"&\G'!"***+
8046C3	"'\G'!"***+
8046C4	"(\G'!"***+
8046C5	")\G'!"***+
8046C6	"*\G'!"***+
8046C7	"zk\"**7-7*
8046C8	",\G'!"***+
8046C9	"-\G'!"***+
8046CA	".\G'!"***+
8046CB	"/\G'!"***+
8046CC	"0\G'!"***+
8046CD	"1\G'!"***+
8046CE	"zk\"**6-7*
8046CF	"e]~5"+**5*
8046D0	"|g5,#"***\-
8046D1	"{g5,#"***\-
8046D2	"S~kh"*+*9*
8046D3	"yg5,#"***\-
8046D4	"xg5,#"***\-
8046D5	"zk\"**5-7*
8046D6	"vg5,#"***\-
8046D7	"ug5,#"***\-
8046D8	"tg5,#"***\-
8046D9	"sg5,#"***\-
8046DA	"rg5,#"***\-
8046DB	"|]Q"**9-9*
8046DC	"q~vY"*+*7*
8046DD	"og5,#"***\-
8046DE	"ng5,#"***\-
8046DF	"mg5,#"***\-
8046E0	"lg5,#"***\-
8046E1	"kg5,#"***\-
8046E2	"jg5,#"***\-
8046E3	"wG~I"+**5*
8046E4	"|]Q"**8-9*
8046E5	"gg5,#"***\-
8046E6	"fg5,#"***\-
8046E7	"eg5,#"***\-
8046E8	"(~m/)"**+*
8046E9	"cg5,#"***\-
8046EA	"[Y~/"+**6*
8046EB	"ag5,#"***\-
8046EC	"`g5,#"***\-
8046ED	"|]Q"**7-9*
8046EE	"^g5,#"***\-
8046EF	"zk\"**7*9-
8046F0	"zk\"**7*8-
8046F1	"zk\"**1-7*
8046F2	"zk\"**7*6-
8046F3	"zk\"**7*5-
8046F4	"zk\"**7*4-
8046F5	"zk\"**7*3-
8046F6	"|]Q"**6-9*
8046F7	"zk\"**7*1-
8046F8	"zk\"**7*
8046F9	"zk\"**7*1+
8046FA	"zk\"**7*2+
8046FB	"zk\"**7*3+
8046FC	"zk\"**7*4+
8046FD	"zk\"**7*5+
8046FE	"zk\"**7*6+
8046FF	"zk\"**1+7*
804700	"zk\"**7*8+
804701	"zk\"**7*9+
804702	"Jg5,#"***\-
804703	"Ig5,#"***\-
804704	"Hg5,#"***\-
804705	"Gg5,#"***\-
804706	"zk\"**2+7*
804707	"Eg5,#"***\-
804708	"v~_R"*+*9*
804709	"Cg5,#"***\-
80470A	"Bg5,#"***\-
80470B	"Ag5,#"***\-
80470C	"@g5,#"***\-
80470D	"zk\"**3+7*
80470E	">g5,#"***\-
80470F	"=g5,#"***\-
804710	"<g5,#"***\-
804711	"|]Q"**3-9*
804712	":g5,#"***\-
804713	"9g5,#"***\-
804714	"{~zO"*+*7*
804715	"7g5,#"***\-
804716	"6g5,#"***\-
804717	"5g5,#"***\-
804718	"4g5,#"***\-
804719	"3g5,#"***\-
80471A	"|]Q"**2-9*
80471B	"zk\"**5+7*
80471C	"0g5,#"***\-
80471D	"/g5,#"***\-
80471E	".g5,#"***\-
80471F	"-g5,#"***\-
804720	",g5,#"***\-
804721	"+g5,#"***\-
804722	"zk\"**6+7*
804723	"|]Q"**1-9*
804724	"|]Q"**9*8-
804725	"|]Q"**9*7-
804726	"|]Q"**9*6-
804727	"|]Q"**9*5-
804728	"|]Q"**9*4-
804729	"iC~q"+**5*
80472A	"|]Q"**9*2-
80472B	"|]Q"**9*1-
80472C	"|]Q"**9*
80472D	"|]Q"**9*1+
80472E	"|]Q"**9*2+
80472F	"|]Q"**9*3+
804730	"zk\"**8+7*
804731	"|]Q"**9*5+
804732	"|]Q"**9*6+
804733	"|]Q"**9*7+
804734	"|]Q"**9*8+
804735	"|]Q"**1+9*
804736	"\r1+#"***\-
804737	"zk\"**9+7*
804738	"Zr1+#"***\-
804739	"Yr1+#"***\-
80473A	"Xr1+#"***\-
80473B	"Wr1+#"***\-
80473C	"Vr1+#"***\-
80473D	"Ur1+#"***\-
80473E	"njg"**2-7*
80473F	"Sr1+#"***\-
804740	"Rr1+#"***\-
804741	"Qr1+#"***\-
804742	"Pr1+#"***\-
804743	"g5,#"***9-
804744	"g5,#"***8-
804745	"njg"**1-7*
804746	"g5,#"***6-
804747	"|]Q"**3+9*
804748	"g5,#"***4-
804749	"g5,#"***3-
80474A	"g5,#"***2-
80474B	"g5,#"***1-
80474C	"njg"**7*
80474D	"g5,#"***1+
80474E	"g5,#"***2+
80474F	"g5,#"***3+
804750	"O~zl"*+*8*
804751	"g5,#"***5+
804752	"g5,#"***6+
804753	"njg"**1+7*
804754	"g5,#"***8+
804755	"g5,#"***9+
804756	"<r1+#"***\-
804757	";r1+#"***\-
804758	":r1+#"***\-
804759	"|]Q"**5+9*
80475A	"njg"**2+7*
80475B	"7r1+#"***\-
80475C	"6r1+#"***\-
80475D	"5r1+#"***\-
80475E	"4r1+#"***\-
80475F	"3r1+#"***\-
804760	"P~R ("**+*
804761	"njg"**3+7*
804762	"|]Q"**6+9*
804763	"/r1+#"***\-
804764	".r1+#"***\-
804765	"-r1+#"***\-
804766	",r1+#"***\-
804767	"+r1+#"***\-
804768	"njg"**4+7*
804769	")r1+#"***\-
80476A	"(r1+#"***\-
80476B	"|]Q"**7+9*
80476C	"&r1+#"***\-
80476D	"%r1+#"***\-
80476E	"$r1+#"***\-
80476F	"njg"**5+7*
804770	"HRG&&"***\-
804771	"!r1+#"***\-
804772	" r1+#"***\-
804773	"ERG&&"***\-
804774	"d~a_"*+*9*
804775	"CRG&&"***\-
804776	"njg"**6+7*
804777	"ARG&&"***\-
804778	"S~sm"*+*8*
804779	"?RG&&"***\-
80477A	">RG&&"***\-
80477B	"=RG&&"***\-
80477C	"<RG&&"***\-
80477D	"njg"**7+7*
80477E	":RG&&"***\-
80477F	"9RG&&"***\-
804780	"8RG&&"***\-
804781	"7RG&&"***\-
804782	"6RG&&"***\-
804783	"5RG&&"***\-
804784	"njg"**8+7*
804785	"3RG&&"***\-
804786	"kaZ"**8-9*
804787	"1RG&&"***\-
804788	"0RG&&"***\-
804789	"r1+#"***9-
80478A	"r1+#"***8-
80478B	"r1+#"***7-
80478C	"r1+#"***6-
80478D	"r1+#"***5-
80478E	"r1+#"***4-
80478F	"r1+#"***3-
804790	"r1+#"***2-
804791	"r1+#"***1-
804792	"r1+#"***
804793	"r1+#"***1+
804794	"r1+#"***2+
804795	"r1+#"***3+
804796	"r1+#"***4+
804797	"r1+#"***5+
804798	"r1+#"***6+
804799	"r1+#"***7+
80479A	"r1+#"***8+
80479B	"r1+#"***9+
80479C	"YYE%%"***\-
80479D	"XYE%%"***\-
80479E	"WYE%%"***\-
80479F	"VYE%%"***\-
8047A0	"UYE%%"***\-
8047A1	"kaZ"**5-9*
8047A2	"SYE%%"***\-
8047A3	"RYE%%"***\-
8047A4	"QYE%%"***\-
8047A5	"PYE%%"***\-
8047A6	"OYE%%"***\-
8047A7	"NYE%%"***\-
8047A8	"MYE%%"***\-
8047A9	"LYE%%"***\-
8047AA	"kaZ"**4-9*
8047AB	"JYE%%"***\-
8047AC	"IYE%%"***\-
8047AD	"HYE%%"***\-
8047AE	"GYE%%"***\-
8047AF	"RG&&"***9-
8047B0	"RG&&"***8-
8047B1	"RG&&"***7-
8047B2	"RG&&"***6-
8047B3	"kaZ"**3-9*
8047B4	"RG&&"***4-
8047B5	"RG&&"***3-
8047B6	"RG&&"***2-
8047B7	"RG&&"***1-
8047B8	"RG&&"***
8047B9	"RG&&"***1+
8047BA	"RG&&"***2+
8047BB	"RG&&"***3+
8047BC	"kaZ"**2-9*
8047BD	"RG&&"***5+
8047BE	"RG&&"***6+
8047BF	"RG&&"***7+
8047C0	"RG&&"***8+
8047C1	"RG&&"***9+
8047C2	"3YE%%"***\-
8047C3	"2YE%%"***\-
8047C4	"1YE%%"***\-
8047C5	"kaZ"**1-9*
8047C6	"kaZ"**9*8-
8047C7	"kaZ"**9*7-
8047C8	"kaZ"**9*6-
8047C9	"kaZ"**9*5-
8047CA	"kaZ"**9*4-
8047CB	"kaZ"**9*3-
8047CC	"kaZ"**9*2-
8047CD	"kaZ"**9*1-
8047CE	"kaZ"**9*
8047CF	"kaZ"**9*1+
8047D0	"kaZ"**9*2+
8047D1	"kaZ"**9*3+
8047D2	"kaZ"**9*4+
8047D3	"Ar1+#"***+
8047D4	"kaZ"**9*6+
8047D5	"kaZ"**9*7+
8047D6	"Dr1+#"***+
8047D7	"kaZ"**1+9*
8047D8	"}~[["*+*8*
8047D9	"|K5/-"***\-
8047DA	"{K5/-"***\-
8047DB	"zK5/-"***\-
8047DC	"yK5/-"***\-
8047DD	"xK5/-"***\-
8047DE	"wK5/-"***\-
8047DF	"vK5/-"***\-
8047E0	"kaZ"**2+9*
8047E1	"tK5/-"***\-
8047E2	"sK5/-"***\-
8047E3	"rK5/-"***\-
8047E4	"qK5/-"***\-
8047E5	"pK5/-"***\-
8047E6	"oK5/-"***\-
8047E7	"nK5/-"***\-
8047E8	"mK5/-"***\-
8047E9	"kaZ"**3+9*
8047EA	"kK5/-"***\-
8047EB	"jK5/-"***\-
8047EC	"YE%%"***9-
8047ED	"YE%%"***8-
8047EE	"YE%%"***7-
8047EF	"YE%%"***6-
8047F0	"YE%%"***5-
8047F1	"YE%%"***4-
8047F2	"kaZ"**4+9*
8047F3	"YE%%"***2-
8047F4	"YE%%"***1-
8047F5	"YE%%"***
8047F6	"YE%%"***1+
8047F7	"YE%%"***2+
8047F8	"YE%%"***3+
8047F9	"YE%%"***4+
8047FA	"YE%%"***5+
8047FB	"u#~/)"*+**
8047FC	"YE%%"***7+
8047FD	"YE%%"***8+
8047FE	"YE%%"***9+
8047FF	"VK5/-"***\-
