13D000	"D}jb"**\-
13D001	"C}jb"**\-
13D002	"B}jb"**\-
13D003	"A}jb"**\-
13D004	"@}jb"**\-
13D005	"?}jb"**\-
13D006	">}jb"**\-
13D007	"=}jb"**\-
13D008	"n4~e"+**
13D009	";}jb"**\-
13D00A	"aaj "+**
13D00B	"9}jb"**\-
13D00C	"8}jb"**\-
13D00D	"7}jb"**\-
13D00E	"6}jb"**\-
13D00F	"5}jb"**\-
13D010	"4}jb"**\-
13D011	"3}jb"**\-
13D012	"2}jb"**\-
13D013	"yIs "+**
13D014	"0}jb"**\-
13D015	"/}jb"**\-
13D016	".}jb"**\-
13D017	"-}jb"**\-
13D018	",}jb"**\-
13D019	"+}jb"**\-
13D01A	"*}jb"**\-
13D01B	")}jb"**\-
13D01C	"rUf "+**
13D01D	"'}jb"**\-
13D01E	"&}jb"**\-
13D01F	"%}jb"**\-
13D020	"$}jb"**\-
13D021	"#}jb"**\-
13D022	"u>~5"+**
13D023	"!}jb"**\-
13D024	" }jb"**\-
13D025	";|wX"**\-
13D026	":|wX"**\-
13D027	"9|wX"**\-
13D028	"vTc "+**
13D029	"7|wX"**\-
13D02A	"6|wX"**\-
13D02B	"WK~I"+**
13D02C	"4|wX"**\-
13D02D	"3|wX"**\-
13D02E	"2|wX"**\-
13D02F	"1|wX"**\-
13D030	"0|wX"**\-
13D031	"/|wX"**\-
13D032	".|wX"**\-
13D033	"-|wX"**\-
13D034	",|wX"**\-
13D035	"+|wX"**\-
13D036	"*|wX"**\-
13D037	")|wX"**\-
13D038	"(|wX"**\-
13D039	"'|wX"**\-
13D03A	"&|wX"**\-
13D03B	"}jb"**9-
13D03C	"}jb"**8-
13D03D	"}jb"**7-
13D03E	"}jb"**6-
13D03F	"}jb"**5-
13D040	"}jb"**4-
13D041	"}jb"**3-
13D042	"}jb"**2-
13D043	"}jb"**1-
13D044	"}jb"**
13D045	"}jb"**1+
13D046	"}jb"**2+
13D047	"}jb"**3+
13D048	"t:~C"+**
13D049	"}jb"**5+
13D04A	"}jb"**6+
13D04B	"}jb"**7+
13D04C	"}jb"**8+
13D04D	"}jb"**9+
13D04E	"z{t["**+
13D04F	"{Ey "+**
13D050	"|{t["**+
13D051	"}{t["**+
13D052	"~{t["**+
13D053	"}jb"**6+9+
13D054	"^~vt"*+*
13D055	"m9~S"+**
13D056	"}jb"**9+9+
13D057	"|wX"**9-
13D058	"x~s]"*+*
13D059	"|wX"**7-
13D05A	"|wX"**6-
13D05B	"|wX"**5-
13D05C	"|wX"**4-
13D05D	"|wX"**3-
13D05E	"|wX"**2-
13D05F	"|wX"**1-
13D060	"|wX"**
13D061	"|wX"**1+
13D062	"|wX"**2+
13D063	"|wX"**3+
13D064	"|wX"**4+
13D065	"|wX"**5+
13D066	"|wX"**6+
13D067	"iSu "+**
13D068	"|wX"**8+
13D069	"|wX"**9+
13D06A	"&}jb"**+
13D06B	"'}jb"**+
13D06C	"(}jb"**+
13D06D	")}jb"**+
13D06E	"*}jb"**+
13D06F	"+}jb"**+
13D070	"h~xg"*+*
13D071	"-}jb"**+
13D072	".}jb"**+
13D073	"/}jb"**+
13D074	"0}jb"**+
13D075	"1}jb"**+
13D076	"2}jb"**+
13D077	"3}jb"**+
13D078	"kRt "+**
13D079	"5}jb"**+
13D07A	"6}jb"**+
13D07B	"7}jb"**+
13D07C	"8}jb"**+
13D07D	"9}jb"**+
13D07E	":}jb"**+
13D07F	";}jb"**+
13D080	" |wX"**+
13D081	"!|wX"**+
13D082	">}jb"**+
13D083	"#|wX"**+
13D084	"$|wX"**+
13D085	"%|wX"**+
13D086	"&|wX"**+
13D087	"'|wX"**+
13D088	"(|wX"**+
13D089	")|wX"**+
13D08A	"*|wX"**+
13D08B	"+|wX"**+
13D08C	",|wX"**+
13D08D	"-|wX"**+
13D08E	"~uod"**\-
13D08F	"}uod"**\-
13D090	"|uod"**\-
13D091	"{uod"**\-
13D092	"zuod"**\-
13D093	"yuod"**\-
13D094	"xuod"**\-
13D095	"wuod"**\-
13D096	"vuod"**\-
13D097	"uuod"**\-
13D098	"tuod"**\-
13D099	"suod"**\-
13D09A	"ruod"**\-
13D09B	"quod"**\-
13D09C	"puod"**\-
13D09D	"ouod"**\-
13D09E	"vG{ "+**
13D09F	"muod"**\-
13D0A0	"lH~)"+**
13D0A1	"kuod"**\-
13D0A2	"juod"**\-
13D0A3	"iuod"**\-
13D0A4	"qD~+"+**
13D0A5	"guod"**\-
13D0A6	"b~}i"*+*
13D0A7	"euod"**\-
13D0A8	"dVw "+**
13D0A9	"cuod"**\-
13D0AA	"buod"**\-
13D0AB	"auod"**\-
13D0AC	"`uod"**\-
13D0AD	"_uod"**\-
13D0AE	"j~}a"*+*
13D0AF	"]uod"**\-
13D0B0	"\uod"**\-
13D0B1	"[uod"**\-
13D0B2	"Zuod"**\-
13D0B3	"Yuod"**\-
13D0B4	"Xuod"**\-
13D0B5	"Wuod"**\-
13D0B6	"Vuod"**\-
13D0B7	"Uuod"**\-
13D0B8	"Tuod"**\-
13D0B9	"Suod"**\-
13D0BA	"Ruod"**\-
13D0BB	"Quod"**\-
13D0BC	"Puod"**\-
13D0BD	"Ouod"**\-
13D0BE	"Nuod"**\-
13D0BF	"Muod"**\-
13D0C0	"g@~G"+**
13D0C1	"Kuod"**\-
13D0C2	"mJ~#"+**
13D0C3	"Iuod"**\-
13D0C4	"Huod"**\-
13D0C5	"Guod"**\-
13D0C6	"Fuod"**\-
13D0C7	"Euod"**\-
13D0C8	"Duod"**\-
13D0C9	"Cuod"**\-
13D0CA	"Buod"**\-
13D0CB	"Auod"**\-
13D0CC	"@uod"**\-
13D0CD	"?uod"**\-
13D0CE	">uod"**\-
13D0CF	"=uod"**\-
13D0D0	"<uod"**\-
13D0D1	";uod"**\-
13D0D2	":uod"**\-
13D0D3	"9uod"**\-
13D0D4	"8uod"**\-
13D0D5	"7uod"**\-
13D0D6	"6uod"**\-
13D0D7	"5uod"**\-
13D0D8	"4uod"**\-
13D0D9	"3uod"**\-
13D0DA	"2uod"**\-
13D0DB	"1uod"**\-
13D0DC	"0uod"**\-
13D0DD	"/uod"**\-
13D0DE	"~|wX"**+
13D0DF	"-uod"**\-
13D0E0	",uod"**\-
13D0E1	"+uod"**\-
13D0E2	"*uod"**\-
13D0E3	"k5~g"+**
13D0E4	"(uod"**\-
13D0E5	"[G~K"+**
13D0E6	"&uod"**\-
13D0E7	"%uod"**\-
13D0E8	"$uod"**\-
13D0E9	"#uod"**\-
13D0EA	"dwkf"**\-
13D0EB	"!uod"**\-
13D0EC	" uod"**\-
13D0ED	"awkf"**\-
13D0EE	"`wkf"**\-
13D0EF	"_wkf"**\-
13D0F0	"^wkf"**\-
13D0F1	"]wkf"**\-
13D0F2	"\wkf"**\-
13D0F3	"[wkf"**\-
13D0F4	"Zwkf"**\-
13D0F5	"Ywkf"**\-
13D0F6	"Xwkf"**\-
13D0F7	"Wwkf"**\-
13D0F8	"Vwkf"**\-
13D0F9	"Uwkf"**\-
13D0FA	"Twkf"**\-
13D0FB	"Swkf"**\-
13D0FC	"Rwkf"**\-
13D0FD	"Qwkf"**\-
13D0FE	"Pwkf"**\-
13D0FF	"Owkf"**\-
13D100	"rY` "+**
13D101	"Mwkf"**\-
13D102	"Lwkf"**\-
13D103	"uod"**9-
13D104	"uod"**8-
13D105	"uod"**7-
13D106	"uod"**6-
13D107	"uod"**5-
13D108	"uod"**4-
13D109	"uod"**3-
13D10A	"uod"**2-
13D10B	"uod"**1-
13D10C	"uod"**
13D10D	"uod"**1+
13D10E	"uod"**2+
13D10F	"uod"**3+
13D110	"^X} "+**
13D111	"uod"**5+
13D112	"uod"**6+
13D113	"uod"**7+
13D114	"uod"**8+
13D115	"uod"**9+
13D116	"8wkf"**\-
13D117	"7wkf"**\-
13D118	"6wkf"**\-
13D119	"5wkf"**\-
13D11A	"4wkf"**\-
13D11B	"3wkf"**\-
13D11C	"2wkf"**\-
13D11D	"1wkf"**\-
13D11E	"0wkf"**\-
13D11F	"/wkf"**\-
13D120	".wkf"**\-
13D121	"-wkf"**\-
13D122	",wkf"**\-
13D123	"+wkf"**\-
13D124	"*wkf"**\-
13D125	")wkf"**\-
13D126	"(wkf"**\-
13D127	"'wkf"**\-
13D128	"&wkf"**\-
13D129	"%wkf"**\-
13D12A	"$wkf"**\-
13D12B	"#wkf"**\-
13D12C	" uod"**+
13D12D	"!wkf"**\-
13D12E	" wkf"**\-
13D12F	"#uod"**+
13D130	"$uod"**+
13D131	"%uod"**+
13D132	"&uod"**+
13D133	"'uod"**+
13D134	"(uod"**+
13D135	")uod"**+
13D136	"*uod"**+
13D137	"+uod"**+
13D138	",uod"**+
13D139	"i]e "+**
13D13A	".uod"**+
13D13B	"/uod"**+
13D13C	"0uod"**+
13D13D	"1uod"**+
13D13E	"2uod"**+
13D13F	"3uod"**+
13D140	"p4~a"+**
13D141	"5uod"**+
13D142	"~{xX"**\-
13D143	"}{xX"**\-
13D144	"|{xX"**\-
13D145	"wkf"**9-
13D146	"wkf"**8-
13D147	"eM~)"+**
13D148	"xOi "+**
13D149	"wkf"**5-
13D14A	"wkf"**4-
13D14B	"wkf"**3-
13D14C	"wkf"**2-
13D14D	"wkf"**1-
13D14E	"wkf"**
13D14F	"wkf"**1+
13D150	"wkf"**2+
13D151	"wkf"**3+
13D152	"wkf"**4+
13D153	"wkf"**5+
13D154	"wkf"**6+
13D155	"wkf"**7+
13D156	"wkf"**8+
13D157	"wkf"**9+
13D158	"h{xX"**\-
13D159	"g{xX"**\-
13D15A	"f{xX"**\-
13D15B	"e{xX"**\-
13D15C	"d{xX"**\-
13D15D	"c{xX"**\-
13D15E	"b{xX"**\-
13D15F	"a{xX"**\-
13D160	"`S~%"+**
13D161	"_{xX"**\-
13D162	"^{xX"**\-
13D163	"]{xX"**\-
13D164	"\{xX"**\-
13D165	"[{xX"**\-
13D166	"Z{xX"**\-
13D167	"Y{xX"**\-
13D168	"X{xX"**\-
13D169	"W{xX"**\-
13D16A	"V{xX"**\-
13D16B	"U{xX"**\-
13D16C	"T{xX"**\-
13D16D	"S{xX"**\-
13D16E	"R{xX"**\-
13D16F	"Q{xX"**\-
13D170	"dD~A"+**
13D171	"O{xX"**\-
13D172	"N{xX"**\-
13D173	"M{xX"**\-
13D174	"L{xX"**\-
13D175	"K{xX"**\-
13D176	"J{xX"**\-
13D177	"I{xX"**\-
13D178	"H{xX"**\-
13D179	"G{xX"**\-
13D17A	"F{xX"**\-
13D17B	"E{xX"**\-
13D17C	"D{xX"**\-
13D17D	"C{xX"**\-
13D17E	"y~hf"*+*
13D17F	"A{xX"**\-
13D180	"@{xX"**\-
13D181	"?{xX"**\-
13D182	">{xX"**\-
13D183	"={xX"**\-
13D184	"<{xX"**\-
13D185	";{xX"**\-
13D186	"q~tb"*+*
13D187	"9{xX"**\-
13D188	"8{xX"**\-
13D189	"7{xX"**\-
13D18A	"v~u]"*+*
13D18B	"5{xX"**\-
13D18C	"4{xX"**\-
13D18D	"3{xX"**\-
13D18E	"gab "+**
13D18F	"1{xX"**\-
13D190	"0{xX"**\-
13D191	"/{xX"**\-
13D192	".{xX"**\-
13D193	"-{xX"**\-
13D194	",{xX"**\-
13D195	"+{xX"**\-
13D196	"*{xX"**\-
13D197	"){xX"**\-
13D198	"({xX"**\-
13D199	"'{xX"**\-
13D19A	"&{xX"**\-
13D19B	"%{xX"**\-
13D19C	"${xX"**\-
13D19D	"#{xX"**\-
13D19E	"Xzu["**\-
13D19F	"!{xX"**\-
13D1A0	" {xX"**\-
13D1A1	"Uzu["**\-
13D1A2	"Tzu["**\-
13D1A3	"Szu["**\-
13D1A4	"Rzu["**\-
13D1A5	"Qzu["**\-
13D1A6	"Pzu["**\-
13D1A7	"Ozu["**\-
13D1A8	"hE~7"+**
13D1A9	"Mzu["**\-
13D1AA	"Lzu["**\-
13D1AB	"Kzu["**\-
13D1AC	"Jzu["**\-
13D1AD	"Izu["**\-
13D1AE	"Hzu["**\-
13D1AF	"Gzu["**\-
13D1B0	"Fzu["**\-
13D1B1	"Ezu["**\-
13D1B2	"Dzu["**\-
13D1B3	"Czu["**\-
13D1B4	"Bzu["**\-
13D1B5	"Azu["**\-
13D1B6	"@zu["**\-
13D1B7	"{xX"**9-
13D1B8	"{xX"**8-
13D1B9	"k=~I"+**
13D1BA	"{xX"**6-
13D1BB	"{xX"**5-
13D1BC	"{xX"**4-
13D1BD	"{xX"**3-
13D1BE	"{xX"**2-
13D1BF	"{xX"**1-
13D1C0	"{xX"**
13D1C1	"{xX"**1+
13D1C2	"{xX"**2+
13D1C3	"{xX"**3+
13D1C4	"{xX"**4+
13D1C5	"w;~;"+**
13D1C6	"{xX"**6+
13D1C7	"{xX"**7+
13D1C8	"{xX"**8+
13D1C9	"{xX"**9+
13D1CA	",zu["**\-
13D1CB	"+zu["**\-
13D1CC	"b^m "+**
13D1CD	")zu["**\-
13D1CE	"(zu["**\-
13D1CF	"'zu["**\-
13D1D0	"&zu["**\-
13D1D1	"%zu["**\-
13D1D2	"$zu["**\-
13D1D3	"#zu["**\-
13D1D4	"#yq_"**\-
13D1D5	"!zu["**\-
13D1D6	" zu["**\-
13D1D7	" yq_"**\-
13D1D8	"x|la"**\-
13D1D9	"w|la"**\-
13D1DA	"v|la"**\-
13D1DB	"u|la"**\-
13D1DC	"t|la"**\-
13D1DD	"s|la"**\-
13D1DE	"r|la"**\-
13D1DF	"q|la"**\-
13D1E0	"p|la"**\-
13D1E1	"o|la"**\-
13D1E2	"n|la"**\-
13D1E3	"m|la"**\-
13D1E4	"r6~U"+**
13D1E5	"k|la"**\-
13D1E6	"j|la"**\-
13D1E7	"i|la"**\-
13D1E8	"h|la"**\-
13D1E9	"g|la"**\-
13D1EA	"f|la"**\-
13D1EB	"e|la"**\-
13D1EC	"d|la"**\-
13D1ED	"s-~}"+**
13D1EE	"yq_"**9-
13D1EF	"yq_"**8-
13D1F0	"yq_"**7-
13D1F1	"yq_"**6-
13D1F2	"yq_"**5-
13D1F3	"yq_"**4-
13D1F4	"yq_"**3-
13D1F5	"yq_"**2-
13D1F6	"zu["**
13D1F7	"yq_"**
13D1F8	"yq_"**1+
13D1F9	"yq_"**2+
13D1FA	"yq_"**3+
13D1FB	"yq_"**4+
13D1FC	"yq_"**5+
13D1FD	"yq_"**6+
13D1FE	"yq_"**7+
13D1FF	"yq_"**8+
13D200	"vV` "+**
13D201	"O|la"**\-
13D202	"N|la"**\-
13D203	"M|la"**\-
13D204	"L|la"**\-
13D205	"K|la"**\-
13D206	"J|la"**\-
13D207	"I|la"**\-
13D208	"H|la"**\-
13D209	"G|la"**\-
13D20A	"F|la"**\-
13D20B	"iYk "+**
13D20C	"D|la"**\-
13D20D	"C|la"**\-
13D20E	"B|la"**\-
13D20F	"A|la"**\-
13D210	"@|la"**\-
13D211	"?|la"**\-
13D212	"RI~["+**
13D213	"=|la"**\-
13D214	"<|la"**\-
13D215	";|la"**\-
13D216	":|la"**\-
13D217	"9|la"**\-
13D218	"8|la"**\-
13D219	"7|la"**\-
13D21A	"6|la"**\-
13D21B	"5|la"**\-
13D21C	"4|la"**\-
13D21D	"3|la"**\-
13D21E	"2|la"**\-
13D21F	"1|la"**\-
13D220	"0|la"**\-
13D221	"/|la"**\-
13D222	".|la"**\-
13D223	"c~sq"*+*
13D224	",|la"**\-
13D225	"+|la"**\-
13D226	"*|la"**\-
13D227	")|la"**\-
13D228	"(|la"**\-
13D229	"'|la"**\-
13D22A	"&|la"**\-
13D22B	"%|la"**\-
13D22C	"$|la"**\-
13D22D	"#|la"**\-
13D22E	"n1~s"+**
13D22F	"!|la"**\-
13D230	" |la"**\-
13D231	"?zyX"**\-
13D232	">zyX"**\-
13D233	"=zyX"**\-
13D234	"<zyX"**\-
13D235	"WO~?"+**
13D236	":zyX"**\-
13D237	"9zyX"**\-
13D238	"}~vW"*+*
13D239	"7zyX"**\-
13D23A	"6zyX"**\-
13D23B	"{;~5"+**
13D23C	"4zyX"**\-
13D23D	"3zyX"**\-
13D23E	"~{xX"**+
13D23F	"1zyX"**\-
13D240	"0zyX"**\-
13D241	"/zyX"**\-
13D242	".zyX"**\-
13D243	"-zyX"**\-
13D244	",zyX"**\-
13D245	"+zyX"**\-
13D246	"*zyX"**\-
13D247	"|la"**9-
13D248	"|la"**8-
13D249	"|la"**7-
13D24A	"|la"**6-
13D24B	"|la"**5-
13D24C	"|la"**4-
13D24D	"|la"**3-
13D24E	"|la"**2-
13D24F	"|la"**1-
13D250	"|la"**
13D251	"|la"**1+
13D252	"|la"**2+
13D253	"|la"**3+
13D254	"|la"**4+
13D255	"|la"**5+
13D256	"r5~Y"+**
13D257	"|la"**7+
13D258	"|la"**8+
13D259	"oSm "+**
13D25A	"cyq_"**+
13D25B	"dyq_"**+
13D25C	"eyq_"**+
13D25D	"fyq_"**+
13D25E	"gyq_"**+
13D25F	"hyq_"**+
13D260	"iyq_"**+
13D261	"jyq_"**+
13D262	"kyq_"**+
13D263	"lyq_"**+
13D264	"YY~&"+**
13D265	"nyq_"**+
13D266	"oyq_"**+
13D267	"zyX"**9-
13D268	"zyX"**8-
13D269	"zyX"**7-
13D26A	"zyX"**6-
13D26B	"zyX"**5-
13D26C	"zyX"**4-
13D26D	"zyX"**3-
13D26E	"zyX"**2-
13D26F	"zyX"**1-
13D270	"zyX"**
13D271	"zyX"**1+
13D272	"zyX"**2+
13D273	"zyX"**3+
13D274	"zyX"**4+
13D275	"~yq_"**+
13D276	"vme"**
13D277	"zyX"**7+
13D278	"zyX"**8+
13D279	"zyX"**9+
13D27A	"vme"**4+
13D27B	"vme"**5+
13D27C	"vme"**6+
13D27D	"vme"**7+
13D27E	"vme"**8+
13D27F	"vme"**9+
13D280	"f@~I"+**
13D281	"1|la"**+
13D282	"~tpd"**\-
13D283	"}tpd"**\-
13D284	"|tpd"**\-
13D285	"{tpd"**\-
13D286	"cQ~$"+**
13D287	"ytpd"**\-
13D288	"xtpd"**\-
13D289	"wtpd"**\-
13D28A	"vtpd"**\-
13D28B	"utpd"**\-
13D28C	"ttpd"**\-
13D28D	"stpd"**\-
13D28E	"rtpd"**\-
13D28F	"kG~-"+**
13D290	"ptpd"**\-
13D291	"otpd"**\-
13D292	"ntpd"**\-
13D293	"mtpd"**\-
13D294	"ltpd"**\-
13D295	"ktpd"**\-
13D296	"jtpd"**\-
13D297	"itpd"**\-
13D298	"htpd"**\-
13D299	"gtpd"**\-
13D29A	"ftpd"**\-
13D29B	"etpd"**\-
13D29C	"dtpd"**\-
13D29D	"ctpd"**\-
13D29E	"btpd"**\-
13D29F	"atpd"**\-
13D2A0	"`tpd"**\-
13D2A1	"_tpd"**\-
13D2A2	"^tpd"**\-
13D2A3	"]tpd"**\-
13D2A4	"\tpd"**\-
13D2A5	"[tpd"**\-
13D2A6	"Ztpd"**\-
13D2A7	"Ytpd"**\-
13D2A8	"Xtpd"**\-
13D2A9	"Wtpd"**\-
13D2AA	"Vtpd"**\-
13D2AB	"Utpd"**\-
13D2AC	"[V~("+**
13D2AD	"]=~g"+**
13D2AE	"Rtpd"**\-
13D2AF	"Qtpd"**\-
13D2B0	"x~kd"*+*
13D2B1	"a;~e"+**
13D2B2	"Ntpd"**\-
13D2B3	"w~mc"*+*
13D2B4	"Ltpd"**\-
13D2B5	"Ktpd"**\-
13D2B6	"Jtpd"**\-
13D2B7	"Itpd"**\-
13D2B8	"Htpd"**\-
13D2B9	"Gtpd"**\-
13D2BA	"Ftpd"**\-
13D2BB	"Etpd"**\-
13D2BC	"Dtpd"**\-
13D2BD	"Ctpd"**\-
13D2BE	"Btpd"**\-
13D2BF	"Atpd"**\-
13D2C0	"@tpd"**\-
13D2C1	"?tpd"**\-
13D2C2	">tpd"**\-
13D2C3	"=tpd"**\-
13D2C4	"<tpd"**\-
13D2C5	";tpd"**\-
13D2C6	":tpd"**\-
13D2C7	"9tpd"**\-
13D2C8	"rMt "+**
13D2C9	"7tpd"**\-
13D2CA	"6tpd"**\-
13D2CB	"5tpd"**\-
13D2CC	"4tpd"**\-
13D2CD	"3tpd"**\-
13D2CE	"2tpd"**\-
13D2CF	"1tpd"**\-
13D2D0	"0tpd"**\-
13D2D1	"/tpd"**\-
13D2D2	".tpd"**\-
13D2D3	"sOo "+**
13D2D4	",tpd"**\-
13D2D5	"+tpd"**\-
13D2D6	"*tpd"**\-
13D2D7	")tpd"**\-
13D2D8	"(tpd"**\-
13D2D9	"'tpd"**\-
13D2DA	"&tpd"**\-
13D2DB	"%tpd"**\-
13D2DC	"$tpd"**\-
13D2DD	"#tpd"**\-
13D2DE	"Lwjg"**\-
13D2DF	"!tpd"**\-
13D2E0	" tpd"**\-
13D2E1	"Iwjg"**\-
13D2E2	"Hwjg"**\-
13D2E3	"mWi "+**
13D2E4	"Fwjg"**\-
13D2E5	"Ewjg"**\-
13D2E6	"Dwjg"**\-
13D2E7	"Cwjg"**\-
13D2E8	"Bwjg"**\-
13D2E9	"Awjg"**\-
13D2EA	"@wjg"**\-
13D2EB	"?wjg"**\-
13D2EC	">wjg"**\-
13D2ED	"=wjg"**\-
13D2EE	"<wjg"**\-
13D2EF	";wjg"**\-
13D2F0	":wjg"**\-
13D2F1	"9wjg"**\-
13D2F2	"~~ia"*+*
13D2F3	"7wjg"**\-
13D2F4	"6wjg"**\-
13D2F5	"5wjg"**\-
13D2F6	"4wjg"**\-
13D2F7	"tpd"**9-
13D2F8	"tpd"**8-
13D2F9	"tpd"**7-
13D2FA	"tpd"**6-
13D2FB	"tpd"**5-
13D2FC	"tpd"**4-
13D2FD	"tpd"**3-
13D2FE	"tpd"**2-
13D2FF	"tpd"**1-
13D300	"tpd"**
13D301	"tpd"**1+
13D302	"tpd"**2+
13D303	"tpd"**3+
13D304	"tpd"**4+
13D305	"tpd"**5+
13D306	"tpd"**6+
13D307	"tpd"**7+
13D308	"RD~k"+**
13D309	"tpd"**9+
13D30A	"n]_ "+**
13D30B	"Wyv["**\-
13D30C	"Vyv["**\-
13D30D	"Uyv["**\-
13D30E	"Tyv["**\-
13D30F	"Syv["**\-
13D310	"Ryv["**\-
13D311	"Qyv["**\-
13D312	"aJ~7"+**
13D313	"Oyv["**\-
13D314	"Nyv["**\-
13D315	"Myv["**\-
13D316	"Lyv["**\-
13D317	"Kyv["**\-
13D318	"Jyv["**\-
13D319	"Iyv["**\-
13D31A	"Hyv["**\-
13D31B	"Gyv["**\-
13D31C	"Fyv["**\-
13D31D	"Eyv["**\-
13D31E	"Dyv["**\-
13D31F	"Cyv["**\-
13D320	"Byv["**\-
13D321	"wjg"**9-
13D322	"wjg"**8-
13D323	"wjg"**7-
13D324	"wjg"**6-
13D325	"wjg"**5-
13D326	"wjg"**4-
13D327	"wjg"**3-
13D328	"x~{W"*+*
13D329	"wjg"**1-
13D32A	"wjg"**
13D32B	"wjg"**1+
13D32C	"wjg"**2+
13D32D	"wjg"**3+
13D32E	"wjg"**4+
13D32F	"wjg"**5+
13D330	"wjg"**6+
13D331	"wjg"**7+
13D332	"wjg"**8+
13D333	"wjg"**9+
13D334	".yv["**\-
13D335	"-yv["**\-
13D336	",yv["**\-
13D337	"+yv["**\-
13D338	"*yv["**\-
13D339	")yv["**\-
13D33A	"rWc "+**
13D33B	"'yv["**\-
13D33C	"&yv["**\-
13D33D	"%yv["**\-
13D33E	"$yv["**\-
13D33F	"#yv["**\-
13D340	"e`f "+**
13D341	"!yv["**\-
13D342	" yv["**\-
13D343	"l}ic"**\-
13D344	"k}ic"**\-
13D345	"j}ic"**\-
13D346	"i}ic"**\-
13D347	"h}ic"**\-
13D348	"|>~+"+**
13D349	"f}ic"**\-
13D34A	"e}ic"**\-
13D34B	"d}ic"**\-
13D34C	"fB~C"+**
13D34D	"b}ic"**\-
13D34E	"a}ic"**\-
13D34F	"`}ic"**\-
13D350	"mPu "+**
13D351	"^}ic"**\-
13D352	"]}ic"**\-
13D353	"\}ic"**\-
13D354	"[}ic"**\-
13D355	"Z}ic"**\-
13D356	"Y}ic"**\-
13D357	"X}ic"**\-
13D358	"W}ic"**\-
13D359	"yv["**9-
13D35A	"yv["**8-
13D35B	"yv["**7-
13D35C	"yv["**6-
13D35D	"yv["**5-
13D35E	"yv["**4-
13D35F	"yv["**3-
13D360	"yv["**2-
13D361	"yv["**1-
13D362	"yv["**
13D363	"yv["**1+
13D364	"zKn "+**
13D365	"yv["**3+
13D366	"yv["**4+
13D367	"yv["**5+
13D368	"yv["**6+
13D369	"yv["**7+
13D36A	"yv["**8+
13D36B	"yv["**9+
13D36C	"C}ic"**\-
13D36D	"B}ic"**\-
13D36E	"A}ic"**\-
13D36F	"@}ic"**\-
13D370	"?}ic"**\-
13D371	">}ic"**\-
13D372	"=}ic"**\-
13D373	"a_m "+**
13D374	";}ic"**\-
13D375	":}ic"**\-
13D376	"9}ic"**\-
13D377	"8}ic"**\-
13D378	"7}ic"**\-
13D379	"6}ic"**\-
13D37A	"5}ic"**\-
13D37B	"4}ic"**\-
13D37C	"3}ic"**\-
13D37D	"2}ic"**\-
13D37E	"~tpd"**+
13D37F	"0}ic"**\-
13D380	"/}ic"**\-
13D381	".}ic"**\-
13D382	"-}ic"**\-
13D383	",}ic"**\-
13D384	"+}ic"**\-
13D385	"*}ic"**\-
13D386	")}ic"**\-
13D387	"(}ic"**\-
13D388	"'}ic"**\-
13D389	"&}ic"**\-
13D38A	"%}ic"**\-
13D38B	"$}ic"**\-
13D38C	"#}ic"**\-
13D38D	"+yv["**+
13D38E	"!}ic"**\-
13D38F	" }ic"**\-
13D390	".yv["**+
13D391	"gWq "+**
13D392	"0yv["**+
13D393	"1yv["**+
13D394	"l5~e"+**
13D395	"3yv["**+
13D396	"4yv["**+
13D397	"5yv["**+
13D398	"6yv["**+
13D399	"7yv["**+
13D39A	"~xw["**\-
13D39B	"}xw["**\-
13D39C	"|xw["**\-
13D39D	"{xw["**\-
13D39E	"zxw["**\-
13D39F	"yxw["**\-
13D3A0	"xxw["**\-
13D3A1	"w=~5"+**
13D3A2	"vxw["**\-
13D3A3	"uxw["**\-
13D3A4	"txw["**\-
13D3A5	"eS{ "+**
13D3A6	"}ic"**9-
13D3A7	"}ic"**8-
13D3A8	"}ic"**7-
13D3A9	"}ic"**6-
13D3AA	"}ic"**5-
13D3AB	"}ic"**4-
13D3AC	"{Lk "+**
13D3AD	"}ic"**2-
13D3AE	"}ic"**1-
13D3AF	"}ic"**
13D3B0	"}ic"**1+
13D3B1	"}ic"**2+
13D3B2	"}ic"**3+
13D3B3	"}ic"**4+
13D3B4	"}ic"**5+
13D3B5	"}ic"**6+
13D3B6	"}ic"**7+
13D3B7	"}ic"**8+
13D3B8	"}ic"**9+
13D3B9	"_xw["**\-
13D3BA	"^xw["**\-
13D3BB	"]xw["**\-
13D3BC	"\xw["**\-
13D3BD	"m[c "+**
13D3BE	"Zxw["**\-
13D3BF	"Yxw["**\-
13D3C0	"Xxw["**\-
13D3C1	"Wxw["**\-
13D3C2	"Vxw["**\-
13D3C3	"Uxw["**\-
13D3C4	"|~wW"*+*
13D3C5	"Sxw["**\-
13D3C6	"Rxw["**\-
13D3C7	"Qxw["**\-
13D3C8	"dYr "+**
13D3C9	"Oxw["**\-
13D3CA	"u~zZ"*+*
13D3CB	"Mxw["**\-
13D3CC	"Lxw["**\-
13D3CD	"Kxw["**\-
13D3CE	"Jxw["**\-
13D3CF	"Ixw["**\-
13D3D0	"k\d "+**
13D3D1	"Gxw["**\-
13D3D2	"_~yp"*+*
13D3D3	"Exw["**\-
13D3D4	"aD~G"+**
13D3D5	"Cxw["**\-
13D3D6	"Bxw["**\-
13D3D7	"Axw["**\-
13D3D8	"@xw["**\-
13D3D9	"?xw["**\-
13D3DA	">xw["**\-
13D3DB	"=xw["**\-
13D3DC	"<xw["**\-
13D3DD	";xw["**\-
13D3DE	":xw["**\-
13D3DF	"9xw["**\-
13D3E0	"8xw["**\-
13D3E1	"7xw["**\-
13D3E2	"6xw["**\-
13D3E3	"5xw["**\-
13D3E4	"4xw["**\-
13D3E5	"3xw["**\-
13D3E6	"2xw["**\-
13D3E7	"1xw["**\-
13D3E8	"0xw["**\-
13D3E9	"/xw["**\-
13D3EA	".xw["**\-
13D3EB	"-xw["**\-
13D3EC	",xw["**\-
13D3ED	"+xw["**\-
13D3EE	"*xw["**\-
13D3EF	")xw["**\-
13D3F0	"(xw["**\-
13D3F1	"'xw["**\-
13D3F2	"&xw["**\-
13D3F3	"%xw["**\-
13D3F4	"$xw["**\-
13D3F5	"#xw["**\-
13D3F6	"6}q\"**\-
13D3F7	"!xw["**\-
13D3F8	"gSx "+**
13D3F9	"3}q\"**\-
13D3FA	"2}q\"**\-
13D3FB	"1}q\"**\-
13D3FC	"0}q\"**\-
13D3FD	"/}q\"**\-
13D3FE	".}q\"**\-
13D3FF	"-}q\"**\-
13D400	"l^` "+**
13D401	"+}q\"**\-
13D402	"*}q\"**\-
13D403	")}q\"**\-
13D404	"(}q\"**\-
13D405	"'}q\"**\-
13D406	"&}q\"**\-
13D407	"%}q\"**\-
13D408	"$}q\"**\-
13D409	"#}q\"**\-
13D40A	"[}ic"**+
13D40B	"!}q\"**\-
13D40C	" }q\"**\-
13D40D	"^}ic"**+
13D40E	"_}ic"**+
13D40F	"xw["**9-
13D410	"xw["**8-
13D411	"xw["**7-
13D412	"c~}h"*+*
13D413	"xw["**5-
13D414	"xw["**4-
13D415	"xw["**3-
13D416	"xw["**2-
13D417	"xw["**1-
13D418	"xw["**
13D419	"xw["**1+
13D41A	"xw["**2+
13D41B	"xw["**3+
13D41C	"xw["**4+
13D41D	"xw["**5+
13D41E	"xw["**6+
13D41F	"xw["**7+
13D420	"xw["**8+
13D421	"]Y} "+**
13D422	"nxr_"**\-
13D423	"}q\"**9-
13D424	"}q\"**8-
13D425	"}q\"**7-
13D426	"}q\"**6-
13D427	"}q\"**5-
13D428	"X~yy"*+*
13D429	"}q\"**3-
13D42A	"}q\"**2-
13D42B	"}q\"**1-
13D42C	"}q\"**
13D42D	"}q\"**1+
13D42E	"}q\"**2+
13D42F	"}q\"**3+
13D430	"}q\"**4+
13D431	"}q\"**5+
13D432	"}q\"**6+
13D433	"}q\"**7+
13D434	"}q\"**8+
13D435	"}q\"**9+
13D436	"Zxr_"**\-
13D437	"Yxr_"**\-
13D438	"Xxr_"**\-
13D439	"Wxr_"**\-
13D43A	"Vxr_"**\-
13D43B	"Uxr_"**\-
13D43C	"Txr_"**\-
13D43D	"Sxr_"**\-
13D43E	"Rxr_"**\-
13D43F	"Qxr_"**\-
13D440	"|Pc "+**
13D441	"Oxr_"**\-
13D442	"Nxr_"**\-
13D443	"Mxr_"**\-
13D444	"Lxr_"**\-
13D445	"Kxr_"**\-
13D446	"Jxr_"**\-
13D447	"Ixr_"**\-
13D448	"Hxr_"**\-
13D449	"Gxr_"**\-
13D44A	"Fxr_"**\-
13D44B	"Exr_"**\-
13D44C	"Dxr_"**\-
13D44D	"Cxr_"**\-
13D44E	"Bxr_"**\-
13D44F	"Axr_"**\-
13D450	"@xr_"**\-
13D451	"?xr_"**\-
13D452	">xr_"**\-
13D453	"=xr_"**\-
13D454	"y<~5"+**
13D455	";xr_"**\-
13D456	":xr_"**\-
13D457	"9xr_"**\-
13D458	"8xr_"**\-
13D459	"7xr_"**\-
13D45A	"VI~Q"+**
13D45B	"5xr_"**\-
13D45C	"4xr_"**\-
13D45D	"3xr_"**\-
13D45E	"^O~1"+**
13D45F	"1xr_"**\-
13D460	"0xr_"**\-
13D461	"/xr_"**\-
13D462	".xr_"**\-
13D463	"-xr_"**\-
13D464	",xr_"**\-
13D465	"+xr_"**\-
13D466	"*xr_"**\-
13D467	")xr_"**\-
13D468	"(xr_"**\-
13D469	"'xr_"**\-
13D46A	"&xr_"**\-
13D46B	"%xr_"**\-
13D46C	"~6~A"+**
13D46D	"#xr_"**\-
13D46E	"B}q\"**+
13D46F	"!xr_"**\-
13D470	" xr_"**\-
13D471	"E}q\"**+
13D472	"F}q\"**+
13D473	"G}q\"**+
13D474	"H}q\"**+
13D475	"I}q\"**+
13D476	"J}q\"**+
13D477	"K}q\"**+
13D478	"L}q\"**+
13D479	"M}q\"**+
13D47A	"bYu "+**
13D47B	"O}q\"**+
13D47C	"P}q\"**+
13D47D	"Q}q\"**+
13D47E	"f]i "+**
13D47F	"S}q\"**+
13D480	"hXn "+**
13D481	"U}q\"**+
13D482	"V}q\"**+
13D483	"W}q\"**+
13D484	"X}q\"**+
13D485	"Y}q\"**+
13D486	"Z}q\"**+
13D487	"xr_"**9-
13D488	"\~}p"*+*
13D489	"xr_"**7-
13D48A	"xr_"**6-
13D48B	"xr_"**5-
13D48C	"xr_"**4-
13D48D	"xr_"**3-
13D48E	"xr_"**2-
13D48F	"wC~%"+**
13D490	"xr_"**
13D491	"xr_"**1+
13D492	"xr_"**2+
13D493	"xr_"**3+
13D494	"xr_"**4+
13D495	"xr_"**5+
13D496	"aWz "+**
13D497	"xr_"**7+
13D498	"xr_"**8+
13D499	"xr_"**9+
13D49A	"n}q\"**+
13D49B	"o}q\"**+
13D49C	"p}q\"**+
13D49D	"q5~["+**
13D49E	"r}q\"**+
13D49F	"s}q\"**+
13D4A0	"t}q\"**+
13D4A1	"u}q\"**+
13D4A2	"{~xW"*+*
13D4A3	"w}q\"**+
13D4A4	"x}q\"**+
13D4A5	"y}q\"**+
13D4A6	"z}q\"**+
13D4A7	"{}q\"**+
13D4A8	"|}q\"**+
13D4A9	"}}q\"**+
13D4AA	"~}q\"**+
13D4AB	"{~xW"*+*9+
13D4AC	"~}q\"**+2+
13D4AD	"~}q\"**+3+
13D4AE	"~}q\"**+4+
13D4AF	"~}q\"**+5+
13D4B0	" xr_"**+
13D4B1	"!xr_"**+
13D4B2	"~}q\"**+8+
13D4B3	"#xr_"**+
13D4B4	"$xr_"**+
13D4B5	"%xr_"**+
13D4B6	"&xr_"**+
13D4B7	"'xr_"**+
13D4B8	"(xr_"**+
13D4B9	")xr_"**+
13D4BA	"*xr_"**+
13D4BB	"+xr_"**+
13D4BC	"|/~a"+**
13D4BD	"-xr_"**+
13D4BE	".xr_"**+
13D4BF	"/xr_"**+
13D4C0	"0xr_"**+
13D4C1	"1xr_"**+
13D4C2	"nUk "+**
13D4C3	"3xr_"**+
13D4C4	"4xr_"**+
13D4C5	"5xr_"**+
13D4C6	"6xr_"**+
13D4C7	"7xr_"**+
13D4C8	"8xr_"**+
13D4C9	"9xr_"**+
13D4CA	":xr_"**+
13D4CB	";xr_"**+
13D4CC	"<xr_"**+
13D4CD	"=xr_"**+
13D4CE	"[J~C"+**
13D4CF	"?xr_"**+
13D4D0	"@xr_"**+
13D4D1	"Axr_"**+
13D4D2	"zC~!"+**
13D4D3	"Cxr_"**+
13D4D4	"Dxr_"**+
13D4D5	"Exr_"**+
13D4D6	"Fxr_"**+
13D4D7	"Gxr_"**+
13D4D8	"Hxr_"**+
13D4D9	"Ixr_"**+
13D4DA	"Jxr_"**+
13D4DB	"]A~Y"+**
13D4DC	"Lxr_"**+
13D4DD	"Mxr_"**+
13D4DE	"Nxr_"**+
13D4DF	"Oxr_"**+
13D4E0	"Pxr_"**+
13D4E1	"Qxr_"**+
13D4E2	"Rxr_"**+
13D4E3	"Sxr_"**+
13D4E4	"Txr_"**+
13D4E5	"Uxr_"**+
13D4E6	"Vxr_"**+
13D4E7	"Wxr_"**+
13D4E8	"Xxr_"**+
13D4E9	"Yxr_"**+
13D4EA	"Zxr_"**+
13D4EB	"[xr_"**+
13D4EC	"\xr_"**+
13D4ED	"]xr_"**+
13D4EE	"^xr_"**+
13D4EF	"_xr_"**+
13D4F0	"`xr_"**+
13D4F1	"axr_"**+
13D4F2	"bxr_"**+
13D4F3	"o~uc"*+*
13D4F4	"dxr_"**+
13D4F5	"exr_"**+
13D4F6	"fxr_"**+
13D4F7	"gxr_"**+
13D4F8	"hxr_"**+
13D4F9	"ixr_"**+
13D4FA	"jxr_"**+
13D4FB	"kxr_"**+
13D4FC	"lxr_"**+
13D4FD	"mxr_"**+
13D4FE	"nxr_"**+
13D4FF	"oxr_"**+
13D500	"pxr_"**+
13D501	"qxr_"**+
13D502	"rxr_"**+
13D503	"sxr_"**+
13D504	"txr_"**+
13D505	"uxr_"**+
13D506	"wV_ "+**
13D507	"wxr_"**+
13D508	"xxr_"**+
13D509	"yxr_"**+
13D50A	"zxr_"**+
13D50B	"{xr_"**+
13D50C	"|xr_"**+
13D50D	"}xr_"**+
13D50E	"qQn "+**
13D50F	"wV_ "+**9+
13D510	"qQn "+**2+
13D511	"qQn "+**3+
13D512	"s~X_ "+*+*
13D513	"qQn "+**5+
13D514	"T~gu "+*+*
13D515	"qQn "+**7+
13D516	"qQn "+**8+
13D517	"qQn "+**9+
13D518	"qQG"**5+2*
13D519	"~une"**\-7-
13D51A	"qQG"**6+2*
13D51B	"~q5~["+**+
13D51C	"qQG"**7+2*
13D51D	"{~5~G"+*+*
13D51E	"}~k`"*+*8-
13D51F	"}~k`"*+*7-
13D520	"~une"**\-
13D521	"}une"**\-
13D522	"|une"**\-
13D523	"{une"**\-
13D524	"zune"**\-
13D525	"yune"**\-
13D526	"}~k`"*+*
13D527	"wune"**\-
13D528	"vune"**\-
13D529	"uE~#"+**
13D52A	"tune"**\-
13D52B	"sune"**\-
13D52C	"rune"**\-
13D52D	"qune"**\-
13D52E	"pune"**\-
13D52F	"oune"**\-
13D530	"p7~U"+**
13D531	"mune"**\-
13D532	"lune"**\-
13D533	"kune"**\-
13D534	"june"**\-
13D535	"iune"**\-
13D536	"hune"**\-
13D537	"gune"**\-
13D538	"fune"**\-
13D539	"eune"**\-
13D53A	"dune"**\-
13D53B	"cune"**\-
13D53C	"bune"**\-
13D53D	"aune"**\-
13D53E	"`une"**\-
13D53F	"_une"**\-
13D540	"^une"**\-
13D541	"]une"**\-
13D542	"\une"**\-
13D543	"[une"**\-
13D544	"tSg "+**
13D545	"Yune"**\-
13D546	"yRc "+**
13D547	"Wune"**\-
13D548	"Vune"**\-
13D549	"Uune"**\-
13D54A	"Tune"**\-
13D54B	"Sune"**\-
13D54C	"z~p^"*+*
13D54D	"Qune"**\-
13D54E	"Pune"**\-
13D54F	"Oune"**\-
13D550	"Nune"**\-
13D551	"Mune"**\-
13D552	"Lune"**\-
13D553	"Kune"**\-
13D554	"June"**\-
13D555	"Iune"**\-
13D556	"Hune"**\-
13D557	"Gune"**\-
13D558	"daf "+**
13D559	"Eune"**\-
13D55A	"Dune"**\-
13D55B	"Cune"**\-
13D55C	"VB~g"+**
13D55D	"Aune"**\-
13D55E	"@une"**\-
13D55F	"?une"**\-
13D560	">une"**\-
13D561	"=une"**\-
13D562	"<une"**\-
13D563	";une"**\-
13D564	":une"**\-
13D565	"9une"**\-
13D566	"8une"**\-
13D567	"7une"**\-
13D568	"6une"**\-
13D569	"5une"**\-
13D56A	"4une"**\-
13D56B	"3une"**\-
13D56C	"2une"**\-
13D56D	"1une"**\-
13D56E	"0une"**\-
13D56F	"/une"**\-
13D570	".une"**\-
13D571	"mK~!"+**
13D572	",une"**\-
13D573	"+une"**\-
13D574	"*une"**\-
13D575	")une"**\-
13D576	"(une"**\-
13D577	"'une"**\-
13D578	"&une"**\-
13D579	"%une"**\-
13D57A	"$une"**\-
13D57B	"#une"**\-
13D57C	"4vlf"**\-
13D57D	"!une"**\-
13D57E	" une"**\-
13D57F	"1vlf"**\-
13D580	"x~je"*+*
13D581	"/vlf"**\-
13D582	".vlf"**\-
13D583	"-vlf"**\-
13D584	",vlf"**\-
13D585	"sY_ "+**
13D586	"*vlf"**\-
13D587	")vlf"**\-
13D588	"(vlf"**\-
13D589	"'vlf"**\-
13D58A	"&vlf"**\-
13D58B	"%vlf"**\-
13D58C	"$vlf"**\-
13D58D	"#vlf"**\-
13D58E	"sY_ "+**9+
13D58F	"!vlf"**\-
13D590	" vlf"**\-
13D591	"une"**9-4-
13D592	"WC~a"+**9-
13D593	"WC~a"+**8-
13D594	"WC~a"+**7-
13D595	"une"**9-
13D596	"une"**8-
13D597	"une"**7-
13D598	"une"**6-
13D599	"une"**5-
13D59A	"une"**4-
13D59B	"WC~a"+**
13D59C	"\G~I"+**
13D59D	"une"**1-
13D59E	"une"**
13D59F	"une"**1+
13D5A0	"une"**2+
13D5A1	"une"**3+
13D5A2	"une"**4+
13D5A3	"une"**5+
13D5A4	"une"**6+
13D5A5	"une"**7+
13D5A6	"une"**8+
13D5A7	"une"**9+
13D5A8	"vlf"**8-
13D5A9	"vlf"**7-
13D5AA	"vlf"**6-
13D5AB	"vlf"**5-
13D5AC	"vlf"**4-
13D5AD	"vlf"**3-
13D5AE	"vlf"**2-
13D5AF	"vlf"**1-
13D5B0	"vlf"**
13D5B1	"vlf"**1+
13D5B2	"vlf"**2+
13D5B3	"vlf"**3+
13D5B4	"vlf"**4+
13D5B5	"vlf"**5+
13D5B6	"vlf"**6+
13D5B7	"vlf"**7+
13D5B8	"vlf"**8+
13D5B9	"vlf"**9+
13D5BA	"f}hd"**\-
13D5BB	"e}hd"**\-
13D5BC	"d}hd"**\-
13D5BD	"c}hd"**\-
13D5BE	"b}hd"**\-
13D5BF	"a}hd"**\-
13D5C0	"`}hd"**\-
13D5C1	"_}hd"**\-
13D5C2	"^}hd"**\-
13D5C3	"]}hd"**\-
13D5C4	"\}hd"**\-
13D5C5	"[}hd"**\-
13D5C6	"Z}hd"**\-
13D5C7	"Y}hd"**\-
13D5C8	"X}hd"**\-
13D5C9	"W}hd"**\-
13D5CA	"V}hd"**\-
13D5CB	"U}hd"**\-
13D5CC	"T}hd"**\-
13D5CD	"S}hd"**\-
13D5CE	"R}hd"**\-
13D5CF	"Q}hd"**\-
13D5D0	"P}hd"**\-
13D5D1	"o1~q"+**
13D5D2	"N}hd"**\-
13D5D3	"M}hd"**\-
13D5D4	"L}hd"**\-
13D5D5	"K}hd"**\-
13D5D6	"J}hd"**\-
13D5D7	"I}hd"**\-
13D5D8	"H}hd"**\-
13D5D9	"G}hd"**\-
13D5DA	"F}hd"**\-
13D5DB	"E}hd"**\-
13D5DC	"D}hd"**\-
13D5DD	"C}hd"**\-
13D5DE	"mYf "+**
13D5DF	"A}hd"**\-
13D5E0	"@}hd"**\-
13D5E1	"?}hd"**\-
13D5E2	">}hd"**\-
13D5E3	"=}hd"**\-
13D5E4	"<}hd"**\-
13D5E5	";}hd"**\-
13D5E6	"~9~7"+**
13D5E7	"9}hd"**\-
13D5E8	"8}hd"**\-
13D5E9	"7}hd"**\-
13D5EA	"SR~A"+**
13D5EB	"5}hd"**\-
13D5EC	"4}hd"**\-
13D5ED	"3}hd"**\-
13D5EE	"2}hd"**\-
13D5EF	"1}hd"**\-
13D5F0	"0}hd"**\-
13D5F1	"/}hd"**\-
13D5F2	"]:~s"+**
13D5F3	"-}hd"**\-
13D5F4	",}hd"**\-
13D5F5	"+}hd"**\-
13D5F6	"*}hd"**\-
13D5F7	")}hd"**\-
13D5F8	"xE} "+**
13D5F9	"'}hd"**\-
13D5FA	"&}hd"**\-
13D5FB	"g~wi"*+*
13D5FC	"$}hd"**\-
13D5FD	"#}hd"**\-
13D5FE	"Bzo`"**\-
13D5FF	"!}hd"**\-
13D600	" }hd"**\-
13D601	"?zo`"**\-
13D602	">zo`"**\-
13D603	"e=~U"+**
13D604	"<zo`"**\-
13D605	";zo`"**\-
13D606	":zo`"**\-
13D607	"9zo`"**\-
13D608	"8zo`"**\-
13D609	"7zo`"**\-
13D60A	"6zo`"**\-
13D60B	"5zo`"**\-
13D60C	"4zo`"**\-
13D60D	"3zo`"**\-
13D60E	"2zo`"**\-
13D60F	"1zo`"**\-
13D610	"pI~!"+**
13D611	"/zo`"**\-
13D612	".zo`"**\-
13D613	"-zo`"**\-
13D614	",zo`"**\-
13D615	"+zo`"**\-
13D616	"*zo`"**\-
13D617	"}hd"**9-
13D618	"}hd"**8-
13D619	"}hd"**7-
13D61A	"}hd"**6-
13D61B	"}hd"**5-
13D61C	"}hd"**4-
13D61D	"}hd"**3-
13D61E	"}hd"**2-
13D61F	"}hd"**1-
13D620	"}hd"**
13D621	"}hd"**1+
13D622	"}hd"**2+
13D623	"}hd"**3+
13D624	"}hd"**4+
13D625	"}hd"**5+
13D626	"}hd"**6+
13D627	"}hd"**7+
13D628	"}hd"**8+
13D629	"}hd"**9+
13D62A	"Aws_"**\-
13D62B	"@ws_"**\-
13D62C	"?ws_"**\-
13D62D	">ws_"**\-
13D62E	"~vlf"**+
13D62F	"<ws_"**\-
13D630	";ws_"**\-
13D631	":ws_"**\-
13D632	"9ws_"**\-
13D633	"8ws_"**\-
13D634	"7ws_"**\-
13D635	"6ws_"**\-
13D636	"5ws_"**\-
13D637	"zo`"**9-
13D638	"yOh "+**
13D639	"zo`"**7-
13D63A	"[~xv"*+*
13D63B	"zo`"**5-
13D63C	"zo`"**4-
13D63D	"SE~e"+**
13D63E	"zo`"**2-
13D63F	"zo`"**1-
13D640	"zo`"**
13D641	"zo`"**1+
13D642	"zo`"**2+
13D643	"zo`"**3+
13D644	"zo`"**4+
13D645	"zo`"**5+
13D646	"zo`"**6+
13D647	"zo`"**7+
13D648	"zo`"**8+
13D649	"zo`"**9+
13D64A	"!ws_"**\-
13D64B	" ws_"**\-
13D64C	",}hd"**+
13D64D	"-}hd"**+
13D64E	".}hd"**+
13D64F	"/}hd"**+
13D650	"0}hd"**+
13D651	"1}hd"**+
13D652	"kZg "+**
13D653	"3}hd"**+
13D654	"4}hd"**+
13D655	"5}hd"**+
13D656	"6}hd"**+
13D657	"7}hd"**+
13D658	"8}hd"**+
13D659	"9}hd"**+
13D65A	":}hd"**+
13D65B	";}hd"**+
13D65C	"<}hd"**+
13D65D	"=}hd"**+
13D65E	">}hd"**+
13D65F	"?}hd"**+
13D660	" zo`"**+
13D661	"qA~3"+**
13D662	"ws_"**9-
13D663	"ws_"**8-
13D664	"~Mf "+**
13D665	"ws_"**6-
13D666	"ws_"**5-
13D667	"ws_"**4-
13D668	"ws_"**3-
13D669	"ws_"**2-
13D66A	"ws_"**1-
13D66B	"ws_"**
13D66C	"ws_"**1+
13D66D	"ws_"**2+
13D66E	"ws_"**3+
13D66F	"ws_"**4+
13D670	"ws_"**5+
13D671	"ws_"**6+
13D672	"ws_"**7+
13D673	"ws_"**8+
13D674	"ws_"**9+
13D675	"5zo`"**+
13D676	"6zo`"**+
13D677	"7zo`"**+
13D678	"8zo`"**+
13D679	"9zo`"**+
13D67A	"n5~a"+**
13D67B	";zo`"**+
13D67C	"<zo`"**+
13D67D	"=zo`"**+
13D67E	">zo`"**+
13D67F	"?zo`"**+
13D680	"@zo`"**+
13D681	"Azo`"**+
13D682	"Bzo`"**+
13D683	"Czo`"**+
13D684	"d~}g"*+*
13D685	"Ezo`"**+
13D686	"Fzo`"**+
13D687	"Gzo`"**+
13D688	"Hzo`"**+
13D689	"Izo`"**+
13D68A	"Jzo`"**+
13D68B	" ws_"**+
13D68C	"!ws_"**+
13D68D	"Mzo`"**+
13D68E	"{Fw "+**
13D68F	"$ws_"**+
13D690	"YX~("+**
13D691	"&ws_"**+
13D692	"'ws_"**+
13D693	"(ws_"**+
13D694	")ws_"**+
13D695	"[[} "+**
13D696	"+ws_"**+
13D697	",ws_"**+
13D698	"-ws_"**+
13D699	".ws_"**+
13D69A	"/ws_"**+
13D69B	"0ws_"**+
13D69C	"1ws_"**+
13D69D	"2ws_"**+
13D69E	"~}hd"**+
13D69F	"4ws_"**+
13D6A0	"5ws_"**+
13D6A1	"6ws_"**+
13D6A2	"7ws_"**+
13D6A3	"8ws_"**+
13D6A4	"9ws_"**+
13D6A5	":ws_"**+
13D6A6	";ws_"**+
13D6A7	"<ws_"**+
13D6A8	"=ws_"**+
13D6A9	">ws_"**+
13D6AA	"~|kb"**\-
13D6AB	"}|kb"**\-
13D6AC	"|-~k"+**
13D6AD	"{|kb"**\-
13D6AE	"z|kb"**\-
13D6AF	"o5~_"+**
13D6B0	"x|kb"**\-
13D6B1	"w|kb"**\-
13D6B2	"v|kb"**\-
13D6B3	"u|kb"**\-
13D6B4	"t|kb"**\-
13D6B5	"s|kb"**\-
13D6B6	"r|kb"**\-
13D6B7	"q|kb"**\-
13D6B8	"mTn "+**
13D6B9	"o|kb"**\-
13D6BA	"n|kb"**\-
13D6BB	"m|kb"**\-
13D6BC	"l|kb"**\-
13D6BD	"k|kb"**\-
13D6BE	"j|kb"**\-
13D6BF	"i|kb"**\-
13D6C0	"U@~q"+**
13D6C1	"g|kb"**\-
13D6C2	"f|kb"**\-
13D6C3	"e|kb"**\-
13D6C4	"d|kb"**\-
13D6C5	"c|kb"**\-
13D6C6	"b|kb"**\-
13D6C7	"a|kb"**\-
13D6C8	"`|kb"**\-
13D6C9	"_|kb"**\-
13D6CA	"^|kb"**\-
13D6CB	"]|kb"**\-
13D6CC	"\|kb"**\-
13D6CD	"[|kb"**\-
13D6CE	"Z|kb"**\-
13D6CF	"Y|kb"**\-
13D6D0	"X|kb"**\-
13D6D1	"W|kb"**\-
13D6D2	"V|kb"**\-
13D6D3	"U|kb"**\-
13D6D4	"JF~}"+**
13D6D5	"S|kb"**\-
13D6D6	"ON~U"+**
13D6D7	"Q|kb"**\-
13D6D8	"P|kb"**\-
13D6D9	"O|kb"**\-
13D6DA	"N|kb"**\-
13D6DB	"M|kb"**\-
13D6DC	"L|kb"**\-
13D6DD	"K|kb"**\-
13D6DE	"J|kb"**\-
13D6DF	"I|kb"**\-
13D6E0	"H|kb"**\-
13D6E1	"G|kb"**\-
13D6E2	"F|kb"**\-
13D6E3	"SA~s"+**
13D6E4	"D|kb"**\-
13D6E5	"C|kb"**\-
13D6E6	"B|kb"**\-
13D6E7	"A|kb"**\-
13D6E8	"x7~G"+**
13D6E9	"?|kb"**\-
13D6EA	">|kb"**\-
13D6EB	"=|kb"**\-
13D6EC	"<|kb"**\-
13D6ED	";|kb"**\-
13D6EE	":|kb"**\-
13D6EF	"9|kb"**\-
13D6F0	"p/~y"+**
13D6F1	"7|kb"**\-
13D6F2	"6|kb"**\-
13D6F3	"5|kb"**\-
13D6F4	"4|kb"**\-
13D6F5	"3|kb"**\-
13D6F6	"2|kb"**\-
13D6F7	"i=~M"+**
13D6F8	"0|kb"**\-
13D6F9	"/|kb"**\-
13D6FA	".|kb"**\-
13D6FB	"-|kb"**\-
13D6FC	",|kb"**\-
13D6FD	"+|kb"**\-
13D6FE	"*|kb"**\-
13D6FF	")|kb"**\-
13D700	"(|kb"**\-
13D701	"'|kb"**\-
13D702	"&|kb"**\-
13D703	"%|kb"**\-
13D704	"$|kb"**\-
13D705	"#|kb"**\-
13D706	"Z~xV"**\-
13D707	"!|kb"**\-
13D708	" |kb"**\-
13D709	"W~xV"**\-
13D70A	"V~xV"**\-
13D70B	"U~xV"**\-
13D70C	"T~xV"**\-
13D70D	"S~xV"**\-
13D70E	"R~xV"**\-
13D70F	"Q~xV"**\-
13D710	"P~xV"**\-
13D711	"O~xV"**\-
13D712	"N~xV"**\-
13D713	"M~xV"**\-
13D714	"L~xV"**\-
13D715	"K~xV"**\-
13D716	"J~xV"**\-
13D717	"I~xV"**\-
13D718	"H~xV"**\-
13D719	"G~xV"**\-
13D71A	"F~xV"**\-
13D71B	"E~xV"**\-
13D71C	"D~xV"**\-
13D71D	"C~xV"**\-
13D71E	"B~xV"**\-
13D71F	"|kb"**9-
13D720	"|kb"**8-
13D721	"|kb"**7-
13D722	"|kb"**6-
13D723	"|kb"**5-
13D724	"|kb"**4-
13D725	"mOw "+**
13D726	"|kb"**2-
13D727	"|kb"**1-
13D728	"|kb"**
13D729	"|kb"**1+
13D72A	"y6~I"+**
13D72B	"|kb"**3+
13D72C	"|kb"**4+
13D72D	"|kb"**5+
13D72E	"|kb"**6+
13D72F	"|kb"**7+
13D730	"|kb"**8+
13D731	"|kb"**9+
13D732	"eR} "+**
13D733	"-~xV"**\-
13D734	"zIr "+**
13D735	"+~xV"**\-
13D736	"*~xV"**\-
13D737	")~xV"**\-
13D738	"(~xV"**\-
13D739	"'~xV"**\-
13D73A	"&~xV"**\-
13D73B	"%~xV"**\-
13D73C	"r~x^"*+*
13D73D	"#~xV"**\-
13D73E	"Jvt_"**\-
13D73F	"!~xV"**\-
13D740	" ~xV"**\-
13D741	"Gvt_"**\-
13D742	"Fvt_"**\-
13D743	"Evt_"**\-
13D744	"Dvt_"**\-
13D745	"Cvt_"**\-
13D746	"Bvt_"**\-
13D747	"Avt_"**\-
13D748	"@vt_"**\-
13D749	"?vt_"**\-
13D74A	">vt_"**\-
13D74B	"=vt_"**\-
13D74C	"<vt_"**\-
13D74D	";vt_"**\-
13D74E	"jWm "+**
13D74F	"9vt_"**\-
13D750	"8vt_"**\-
13D751	"7vt_"**\-
13D752	"6vt_"**\-
13D753	"5vt_"**\-
13D754	"4vt_"**\-
13D755	"3vt_"**\-
13D756	"2vt_"**\-
13D757	"~xV"**9-
13D758	"~xV"**8-
13D759	"w1~a"+**
13D75A	"~xV"**6-
13D75B	"~xV"**5-
13D75C	"~xV"**4-
13D75D	"~xV"**3-
13D75E	"~xV"**2-
13D75F	"~xV"**1-
13D760	"~xV"**
13D761	"~xV"**1+
13D762	"~xV"**2+
13D763	"~xV"**3+
13D764	"~xV"**4+
13D765	"~xV"**5+
13D766	"~xV"**6+
13D767	"~xV"**7+
13D768	"\J~A"+**
13D769	"~xV"**9+
13D76A	"-}ge"**\-
13D76B	",}ge"**\-
13D76C	"+}ge"**\-
13D76D	"*}ge"**\-
13D76E	")}ge"**\-
13D76F	"(}ge"**\-
13D770	"'}ge"**\-
13D771	"&}ge"**\-
13D772	"%}ge"**\-
13D773	"$}ge"**\-
13D774	"#}ge"**\-
13D775	"ruu_"**\-
13D776	"!}ge"**\-
13D777	" }ge"**\-
13D778	"ouu_"**\-
13D779	"nuu_"**\-
13D77A	"muu_"**\-
13D77B	"luu_"**\-
13D77C	"kuu_"**\-
13D77D	"juu_"**\-
13D77E	"iuu_"**\-
13D77F	"vt_"**9-
13D780	"vt_"**8-
13D781	"vt_"**7-
13D782	"vt_"**6-
13D783	"vt_"**5-
13D784	"vt_"**4-
13D785	"vt_"**3-
13D786	"vt_"**2-
13D787	"vt_"**1-
13D788	"vt_"**
13D789	"vt_"**1+
13D78A	"vt_"**2+
13D78B	"vt_"**3+
13D78C	"vt_"**4+
13D78D	"oG~'"+**
13D78E	"vt_"**6+
13D78F	"vt_"**7+
13D790	"vt_"**8+
13D791	"vt_"**9+
13D792	"}ge"**5-
13D793	"}ge"**4-
13D794	"}ge"**3-
13D795	"}ge"**2-
13D796	"}ge"**1-
13D797	"}ge"**
13D798	"}ge"**1+
13D799	"}ge"**2+
13D79A	"}ge"**3+
13D79B	"}ge"**4+
13D79C	"}ge"**5+
13D79D	"}ge"**6+
13D79E	"}ge"**7+
13D79F	"}ge"**8+
13D7A0	"}ge"**9+
13D7A1	"Fuu_"**\-
13D7A2	"Euu_"**\-
13D7A3	"Duu_"**\-
13D7A4	"Cuu_"**\-
13D7A5	"Buu_"**\-
13D7A6	"Auu_"**\-
13D7A7	"@uu_"**\-
13D7A8	"?uu_"**\-
13D7A9	">uu_"**\-
13D7AA	"=uu_"**\-
13D7AB	"<uu_"**\-
13D7AC	";uu_"**\-
13D7AD	":uu_"**\-
13D7AE	"z9~="+**
13D7AF	"8uu_"**\-
13D7B0	"7uu_"**\-
13D7B1	"6uu_"**\-
13D7B2	"5uu_"**\-
13D7B3	"4uu_"**\-
13D7B4	"qTi "+**
13D7B5	"2uu_"**\-
13D7B6	"1uu_"**\-
13D7B7	"0uu_"**\-
13D7B8	"/uu_"**\-
13D7B9	".uu_"**\-
13D7BA	"-uu_"**\-
13D7BB	",uu_"**\-
13D7BC	"+uu_"**\-
13D7BD	"*uu_"**\-
13D7BE	")uu_"**\-
13D7BF	"(uu_"**\-
13D7C0	"'uu_"**\-
13D7C1	"&uu_"**\-
13D7C2	"%uu_"**\-
13D7C3	"]O~3"+**
13D7C4	"#uu_"**\-
13D7C5	"7toe"**\-
13D7C6	"!uu_"**\-
13D7C7	" uu_"**\-
13D7C8	"4toe"**\-
13D7C9	"3toe"**\-
13D7CA	"2toe"**\-
13D7CB	"1toe"**\-
13D7CC	"0toe"**\-
13D7CD	"/toe"**\-
13D7CE	".toe"**\-
13D7CF	"-toe"**\-
13D7D0	",toe"**\-
13D7D1	"+toe"**\-
13D7D2	"*toe"**\-
13D7D3	")toe"**\-
13D7D4	"LG~s"+**
13D7D5	"'toe"**\-
13D7D6	"&toe"**\-
13D7D7	"%toe"**\-
13D7D8	"$toe"**\-
13D7D9	"#toe"**\-
13D7DA	"$vkg"**\-
13D7DB	"!toe"**\-
13D7DC	" toe"**\-
13D7DD	"!vkg"**\-
13D7DE	"uu_"**9-
13D7DF	"uu_"**8-
13D7E0	"uu_"**7-
13D7E1	"uu_"**6-
13D7E2	"uu_"**5-
13D7E3	"uu_"**4-
13D7E4	"uu_"**3-
13D7E5	"uu_"**2-
13D7E6	"uu_"**1-
13D7E7	"uu_"**
13D7E8	"uu_"**1+
13D7E9	"uu_"**2+
13D7EA	"uu_"**3+
13D7EB	"uu_"**4+
13D7EC	"b~|j"*+*
13D7ED	"uu_"**6+
13D7EE	"uu_"**7+
13D7EF	"uu_"**8+
13D7F0	"uu_"**9+
13D7F1	"#}ff"**\-
13D7F2	".|r\"**\-
13D7F3	"toe"**9-
13D7F4	"toe"**8-
13D7F5	"toe"**7-
13D7F6	"toe"**6-
13D7F7	"toe"**5-
13D7F8	"toe"**4-
13D7F9	"toe"**3-
13D7FA	"toe"**2-
13D7FB	"toe"**1-
13D7FC	"toe"**
13D7FD	"toe"**1+
13D7FE	"vkg"**
13D7FF	"{ma"**
