F76000	"/eW-)"***\-
F76001	".eW-)"***\-
F76002	"-eW-)"***\-
F76003	",eW-)"***\-
F76004	"+eW-)"***\-
F76005	"*eW-)"***\-
F76006	")eW-)"***\-
F76007	"(eW-)"***\-
F76008	"'eW-)"***\-
F76009	"&eW-)"***\-
F7600A	"%eW-)"***\-
F7600B	"$eW-)"***\-
F7600C	"#eW-)"***\-
F7600D	"SyO5 "***\-
F7600E	"!eW-)"***\-
F7600F	" eW-)"***\-
F76010	"PyO5 "***\-
F76011	"OyO5 "***\-
F76012	"NyO5 "***\-
F76013	"MyO5 "***\-
F76014	"LyO5 "***\-
F76015	"KyO5 "***\-
F76016	"JyO5 "***\-
F76017	"IyO5 "***\-
F76018	"HyO5 "***\-
F76019	"GyO5 "***\-
F7601A	"FyO5 "***\-
F7601B	"EyO5 "***\-
F7601C	"DyO5 "***\-
F7601D	"CyO5 "***\-
F7601E	"ByO5 "***\-
F7601F	"AyO5 "***\-
F76020	"}p~C"+**6*
F76021	"?yO5 "***\-
F76022	">yO5 "***\-
F76023	"=yO5 "***\-
F76024	"<yO5 "***\-
F76025	";yO5 "***\-
F76026	"m~l +"**+*
F76027	"eW-)"***8-
F76028	"eW-)"***7-
F76029	"eW-)"***6-
F7602A	"eW-)"***5-
F7602B	"eW-)"***4-
F7602C	"eW-)"***3-
F7602D	"eW-)"***2-
F7602E	"eW-)"***1-
F7602F	"eW-)"***
F76030	"eW-)"***1+
F76031	"eW-)"***2+
F76032	"eW-)"***3+
F76033	"eW-)"***4+
F76034	"eW-)"***5+
F76035	"eW-)"***6+
F76036	"eW-)"***7+
F76037	"eW-)"***8+
F76038	"eW-)"***9+
F76039	"'yO5 "***\-
F7603A	"&yO5 "***\-
F7603B	"%yO5 "***\-
F7603C	"$yO5 "***\-
F7603D	"#yO5 "***\-
F7603E	"Kuk%#"***\-
F7603F	"!yO5 "***\-
F76040	" yO5 "***\-
F76041	"Huk%#"***\-
F76042	"Guk%#"***\-
F76043	"Fuk%#"***\-
F76044	"Euk%#"***\-
F76045	"Duk%#"***\-
F76046	"Cuk%#"***\-
F76047	"Buk%#"***\-
F76048	"Auk%#"***\-
F76049	"@uk%#"***\-
F7604A	"?uk%#"***\-
F7604B	">uk%#"***\-
F7604C	"=uk%#"***\-
F7604D	"<uk%#"***\-
F7604E	";uk%#"***\-
F7604F	":uk%#"***\-
F76050	"0~}I%"**+*
F76051	"8uk%#"***\-
F76052	"7uk%#"***\-
F76053	"6uk%#"***\-
F76054	"5uk%#"***\-
F76055	"4uk%#"***\-
F76056	"3uk%#"***\-
F76057	"yO5 "***9-
F76058	"yO5 "***8-
F76059	"yO5 "***7-
F7605A	"S~z(("**+*
F7605B	"yO5 "***5-
F7605C	"yO5 "***4-
F7605D	"yO5 "***3-
F7605E	"yO5 "***2-
F7605F	"yO5 "***1-
F76060	"yO5 "***
F76061	"yO5 "***1+
F76062	"yO5 "***2+
F76063	"yO5 "***3+
F76064	"J~VC&"**+*
F76065	"yO5 "***5+
F76066	"yO5 "***6+
F76067	"yO5 "***7+
F76068	"yO5 "***8+
F76069	"yO5 "***9+
F7606A	";eW-)"***+
F7606B	"<eW-)"***+
F7606C	"=eW-)"***+
F7606D	">eW-)"***+
F7606E	"?eW-)"***+
F7606F	"@eW-)"***+
F76070	"AeW-)"***+
F76071	"BeW-)"***+
F76072	"CeW-)"***+
F76073	"DeW-)"***+
F76074	"EeW-)"***+
F76075	"FeW-)"***+
F76076	"GeW-)"***+
F76077	"HeW-)"***+
F76078	"IeW-)"***+
F76079	"JeW-)"***+
F7607A	"KeW-)"***+
F7607B	"LeW-)"***+
F7607C	"MeW-)"***+
F7607D	"NeW-)"***+
F7607E	"OeW-)"***+
F7607F	"PeW-)"***+
F76080	"l ~S7"*+**
F76081	"g)~O/"*+**
F76082	"uk%#"***7-
F76083	"uk%#"***6-
F76084	"uk%#"***5-
F76085	"uk%#"***4-
F76086	"uk%#"***3-
F76087	"uk%#"***2-
F76088	"uk%#"***1-
F76089	"uk%#"***
F7608A	"uk%#"***1+
F7608B	"uk%#"***2+
F7608C	"uk%#"***3+
F7608D	"uk%#"***4+
F7608E	"uk%#"***5+
F7608F	"uk%#"***6+
F76090	"uk%#"***7+
F76091	"uk%#"***8+
F76092	"uk%#"***9+
F76093	"mmS8 "***\-
F76094	"lmS8 "***\-
F76095	"kmS8 "***\-
F76096	"jmS8 "***\-
F76097	"imS8 "***\-
F76098	"hmS8 "***\-
F76099	"gmS8 "***\-
F7609A	"fmS8 "***\-
F7609B	"emS8 "***\-
F7609C	"dmS8 "***\-
F7609D	"cmS8 "***\-
F7609E	"bmS8 "***\-
F7609F	"amS8 "***\-
F760A0	"`mS8 "***\-
F760A1	"_mS8 "***\-
F760A2	"^mS8 "***\-
F760A3	"]mS8 "***\-
F760A4	"|I~-%"*+**
F760A5	"[mS8 "***\-
F760A6	"ZmS8 "***\-
F760A7	"YmS8 "***\-
F760A8	"XmS8 "***\-
F760A9	"WmS8 "***\-
F760AA	"VmS8 "***\-
F760AB	"UmS8 "***\-
F760AC	"bG~:&"*+**
F760AD	"SmS8 "***\-
F760AE	"RmS8 "***\-
F760AF	"QmS8 "***\-
F760B0	"PmS8 "***\-
F760B1	"OmS8 "***\-
F760B2	"NmS8 "***\-
F760B3	"MmS8 "***\-
F760B4	"LmS8 "***\-
F760B5	"KmS8 "***\-
F760B6	"JmS8 "***\-
F760B7	"ImS8 "***\-
F760B8	"HmS8 "***\-
F760B9	"GmS8 "***\-
F760BA	"FmS8 "***\-
F760BB	"EmS8 "***\-
F760BC	"DmS8 "***\-
F760BD	"CmS8 "***\-
F760BE	"BmS8 "***\-
F760BF	"AmS8 "***\-
F760C0	"@mS8 "***\-
F760C1	"?mS8 "***\-
F760C2	">mS8 "***\-
F760C3	"=mS8 "***\-
F760C4	"<mS8 "***\-
F760C5	";mS8 "***\-
F760C6	":mS8 "***\-
F760C7	"9mS8 "***\-
F760C8	"8mS8 "***\-
F760C9	"7mS8 "***\-
F760CA	"6mS8 "***\-
F760CB	"5mS8 "***\-
F760CC	"4mS8 "***\-
F760CD	"3mS8 "***\-
F760CE	"2mS8 "***\-
F760CF	"1mS8 "***\-
F760D0	"0mS8 "***\-
F760D1	"/mS8 "***\-
F760D2	".mS8 "***\-
F760D3	"-mS8 "***\-
F760D4	",mS8 "***\-
F760D5	"+mS8 "***\-
F760D6	"*mS8 "***\-
F760D7	")mS8 "***\-
F760D8	"(mS8 "***\-
F760D9	"'mS8 "***\-
F760DA	"&mS8 "***\-
F760DB	"%mS8 "***\-
F760DC	"$mS8 "***\-
F760DD	"#mS8 "***\-
F760DE	"2xY.!"***\-
F760DF	"!mS8 "***\-
F760E0	" mS8 "***\-
F760E1	"/xY.!"***\-
F760E2	".xY.!"***\-
F760E3	"-xY.!"***\-
F760E4	",xY.!"***\-
F760E5	"+xY.!"***\-
F760E6	"*xY.!"***\-
F760E7	")xY.!"***\-
F760E8	"(xY.!"***\-
F760E9	"'xY.!"***\-
F760EA	"&xY.!"***\-
F760EB	"%xY.!"***\-
F760EC	"$xY.!"***\-
F760ED	"#xY.!"***\-
F760EE	"euk%#"***+
F760EF	"!xY.!"***\-
F760F0	" xY.!"***\-
F760F1	"huk%#"***+
F760F2	"~q=8*"***\-
F760F3	"}q=8*"***\-
F760F4	"|q=8*"***\-
F760F5	"{q=8*"***\-
F760F6	"zq=8*"***\-
F760F7	"mS8 "***9-
F760F8	"mS8 "***8-
F760F9	"mS8 "***7-
F760FA	"mS8 "***6-
F760FB	"mS8 "***5-
F760FC	"UR~7("*+**
F760FD	"mS8 "***3-
F760FE	"uO~,%"*+**
F760FF	"mS8 "***1-
F76100	"mS8 "***
F76101	"mS8 "***1+
F76102	"mS8 "***2+
F76103	"mS8 "***3+
F76104	"mS8 "***4+
F76105	"mS8 "***5+
F76106	"mS8 "***6+
F76107	"QQ~C#"*+**
F76108	"xY.!"***8-
F76109	"xY.!"***7-
F7610A	"xY.!"***6-
F7610B	"xY.!"***5-
F7610C	"xY.!"***4-
F7610D	"xY.!"***3-
F7610E	"xY.!"***2-
F7610F	"xY.!"***1-
F76110	"xY.!"***
F76111	"xY.!"***1+
F76112	"xY.!"***2+
F76113	"xY.!"***3+
F76114	"xY.!"***4+
F76115	"xY.!"***5+
F76116	"xY.!"***6+
F76117	"xY.!"***7+
F76118	"xY.!"***8+
F76119	"xY.!"***9+
F7611A	"Vq=8*"***\-
F7611B	"Uq=8*"***\-
F7611C	"Tq=8*"***\-
F7611D	"Sq=8*"***\-
F7611E	"Rq=8*"***\-
F7611F	"Qq=8*"***\-
F76120	"Pq=8*"***\-
F76121	"Oq=8*"***\-
F76122	"C6~CA"*+**
F76123	"Mq=8*"***\-
F76124	"Lq=8*"***\-
F76125	"Kq=8*"***\-
F76126	"Jq=8*"***\-
F76127	"Iq=8*"***\-
F76128	"Hq=8*"***\-
F76129	"Gq=8*"***\-
F7612A	"Fq=8*"***\-
F7612B	"Eq=8*"***\-
F7612C	"Dq=8*"***\-
F7612D	"Cq=8*"***\-
F7612E	"Bq=8*"***\-
F7612F	"Aq=8*"***\-
F76130	"@q=8*"***\-
F76131	"?q=8*"***\-
F76132	">q=8*"***\-
F76133	"=q=8*"***\-
F76134	"<q=8*"***\-
F76135	";q=8*"***\-
F76136	":q=8*"***\-
F76137	"9q=8*"***\-
F76138	"8q=8*"***\-
F76139	"7q=8*"***\-
F7613A	"6q=8*"***\-
F7613B	"5q=8*"***\-
F7613C	"4q=8*"***\-
F7613D	"3q=8*"***\-
F7613E	"2q=8*"***\-
F7613F	"1q=8*"***\-
F76140	"f ~g/"*+**
F76141	"/q=8*"***\-
F76142	".q=8*"***\-
F76143	"-q=8*"***\-
F76144	",q=8*"***\-
F76145	"+q=8*"***\-
F76146	"*q=8*"***\-
F76147	")q=8*"***\-
F76148	"(q=8*"***\-
F76149	"'q=8*"***\-
F7614A	"&q=8*"***\-
F7614B	"%q=8*"***\-
F7614C	"$q=8*"***\-
F7614D	"#q=8*"***\-
F7614E	"zIGD."***\-
F7614F	"!q=8*"***\-
F76150	" q=8*"***\-
F76151	"wIGD."***\-
F76152	"vIGD."***\-
F76153	"uIGD."***\-
F76154	"tIGD."***\-
F76155	"sIGD."***\-
F76156	"rIGD."***\-
F76157	"qIGD."***\-
F76158	"pIGD."***\-
F76159	"oIGD."***\-
F7615A	"nIGD."***\-
F7615B	"i;~5/"*+**
F7615C	"lIGD."***\-
F7615D	"kIGD."***\-
F7615E	"e]~(("*+**
F7615F	"iIGD."***\-
F76160	"hIGD."***\-
F76161	"/~cQ+"**+*
F76162	"fIGD."***\-
F76163	"eIGD."***\-
F76164	"dIGD."***\-
F76165	"cIGD."***\-
F76166	"bIGD."***\-
F76167	"q=8*"***9-
F76168	"q=8*"***8-
F76169	"Y5~M+"*+**
F7616A	"q=8*"***6-
F7616B	"q=8*"***5-
F7616C	"q=8*"***4-
F7616D	"m+~e!"*+**
F7616E	"q=8*"***2-
F7616F	"q=8*"***1-
F76170	"q=8*"***
F76171	"q=8*"***1+
F76172	"q=8*"***2+
F76173	"q=8*"***3+
F76174	"q=8*"***4+
F76175	"q=8*"***5+
F76176	"q=8*"***6+
F76177	"q=8*"***7+
F76178	"q=8*"***8+
F76179	"q=8*"***9+
F7617A	"NIGD."***\-
F7617B	"MIGD."***\-
F7617C	"LIGD."***\-
F7617D	"KIGD."***\-
F7617E	"n#~_+"*+**
F7617F	"IIGD."***\-
F76180	"HIGD."***\-
F76181	"GIGD."***\-
F76182	"FIGD."***\-
F76183	"EIGD."***\-
F76184	"DIGD."***\-
F76185	"CIGD."***\-
F76186	"BIGD."***\-
F76187	"AIGD."***\-
F76188	"x~I++"**+*
F76189	"?IGD."***\-
F7618A	">IGD."***\-
F7618B	"=IGD."***\-
F7618C	"J~w.("**+*
F7618D	";IGD."***\-
F7618E	":IGD."***\-
F7618F	"9IGD."***\-
F76190	"8IGD."***\-
F76191	"7IGD."***\-
F76192	"6IGD."***\-
F76193	"5IGD."***\-
F76194	"4IGD."***\-
F76195	"3IGD."***\-
F76196	"2IGD."***\-
F76197	"1IGD."***\-
F76198	"0IGD."***\-
F76199	"/IGD."***\-
F7619A	".IGD."***\-
F7619B	"-IGD."***\-
F7619C	",IGD."***\-
F7619D	"+IGD."***\-
F7619E	"*IGD."***\-
F7619F	")IGD."***\-
F761A0	"(IGD."***\-
F761A1	"'IGD."***\-
F761A2	"&IGD."***\-
F761A3	"%IGD."***\-
F761A4	"$IGD."***\-
F761A5	"#IGD."***\-
F761A6	"6q=8*"***+
F761A7	"!IGD."***\-
F761A8	"tC~8#"*+**
F761A9	"9q=8*"***+
F761AA	":q=8*"***+
F761AB	";q=8*"***+
F761AC	"<q=8*"***+
F761AD	"=q=8*"***+
F761AE	">q=8*"***+
F761AF	"?q=8*"***+
F761B0	"@q=8*"***+
F761B1	"Aq=8*"***+
F761B2	"Bq=8*"***+
F761B3	"Cq=8*"***+
F761B4	"Dq=8*"***+
F761B5	"Eq=8*"***+
F761B6	"Fq=8*"***+
F761B7	"Gq=8*"***+
F761B8	"Hq=8*"***+
F761B9	"Iq=8*"***+
F761BA	"Jq=8*"***+
F761BB	"Kq=8*"***+
F761BC	"Lq=8*"***+
F761BD	"Mq=8*"***+
F761BE	"Nq=8*"***+
F761BF	"IGD."***9-
F761C0	"IGD."***8-
F761C1	"IGD."***7-
F761C2	"IGD."***6-
F761C3	"IGD."***5-
F761C4	"IGD."***4-
F761C5	"IGD."***3-
F761C6	"IGD."***2-
F761C7	"IGD."***1-
F761C8	"IGD."***
F761C9	"IGD."***1+
F761CA	"IGD."***2+
F761CB	"IGD."***3+
F761CC	"IGD."***4+
F761CD	"IGD."***5+
F761CE	"IGD."***6+
F761CF	"IGD."***7+
F761D0	"IGD."***8+
F761D1	"IGD."***9+
F761D2	"ryV)&"***\-
F761D3	"qyV)&"***\-
F761D4	"pyV)&"***\-
F761D5	"oyV)&"***\-
F761D6	"nyV)&"***\-
F761D7	"myV)&"***\-
F761D8	"lyV)&"***\-
F761D9	"kyV)&"***\-
F761DA	"jyV)&"***\-
F761DB	"iyV)&"***\-
F761DC	"hyV)&"***\-
F761DD	"gyV)&"***\-
F761DE	"fyV)&"***\-
F761DF	"eyV)&"***\-
F761E0	"dyV)&"***\-
F761E1	"cyV)&"***\-
F761E2	"byV)&"***\-
F761E3	"ayV)&"***\-
F761E4	"`yV)&"***\-
F761E5	"_yV)&"***\-
F761E6	"^yV)&"***\-
F761E7	"]yV)&"***\-
F761E8	"\yV)&"***\-
F761E9	"[yV)&"***\-
F761EA	"ZyV)&"***\-
F761EB	"OC~Y!"*+**
F761EC	"XyV)&"***\-
F761ED	"WyV)&"***\-
F761EE	"^+~o#"*+**
F761EF	"UyV)&"***\-
F761F0	"TyV)&"***\-
F761F1	"SyV)&"***\-
F761F2	"RyV)&"***\-
F761F3	"QyV)&"***\-
F761F4	"PyV)&"***\-
F761F5	"OyV)&"***\-
F761F6	"NyV)&"***\-
F761F7	"MyV)&"***\-
F761F8	"LyV)&"***\-
F761F9	"KyV)&"***\-
F761FA	"JyV)&"***\-
F761FB	"U%~k/"*+**
F761FC	"HyV)&"***\-
F761FD	"GyV)&"***\-
F761FE	"FyV)&"***\-
F761FF	"EyV)&"***\-
F76200	"DyV)&"***\-
F76201	"CyV)&"***\-
F76202	"ByV)&"***\-
F76203	"AyV)&"***\-
F76204	"@yV)&"***\-
F76205	"?yV)&"***\-
F76206	">yV)&"***\-
F76207	"=yV)&"***\-
F76208	"<yV)&"***\-
F76209	";yV)&"***\-
F7620A	":yV)&"***\-
F7620B	"9yV)&"***\-
F7620C	"vf~%!"*+**
F7620D	"7yV)&"***\-
F7620E	"6yV)&"***\-
F7620F	"5yV)&"***\-
F76210	"4yV)&"***\-
F76211	"3yV)&"***\-
F76212	"2yV)&"***\-
F76213	"1yV)&"***\-
F76214	"0yV)&"***\-
F76215	"/yV)&"***\-
F76216	".yV)&"***\-
F76217	"-yV)&"***\-
F76218	",yV)&"***\-
F76219	"+yV)&"***\-
F7621A	"*yV)&"***\-
F7621B	")yV)&"***\-
F7621C	"(yV)&"***\-
F7621D	"'yV)&"***\-
F7621E	"&yV)&"***\-
F7621F	"%yV)&"***\-
F76220	"$yV)&"***\-
F76221	"#yV)&"***\-
F76222	"ZIGD."***+
F76223	"!yV)&"***\-
F76224	" yV)&"***\-
F76225	"]IGD."***+
F76226	"^IGD."***+
F76227	"_IGD."***+
F76228	"`IGD."***+
F76229	"aIGD."***+
F7622A	"bIGD."***+
F7622B	"cIGD."***+
F7622C	"dIGD."***+
F7622D	"eIGD."***+
F7622E	"fIGD."***+
F7622F	"gIGD."***+
F76230	"hIGD."***+
F76231	"iIGD."***+
F76232	"jIGD."***+
F76233	"kIGD."***+
F76234	"lIGD."***+
F76235	"mIGD."***+
F76236	"~mC<%"***\-
F76237	"}mC<%"***\-
F76238	"|mC<%"***\-
F76239	"{mC<%"***\-
F7623A	"zmC<%"***\-
F7623B	"yV)&"***9-
F7623C	"yV)&"***8-
F7623D	"yV)&"***7-
F7623E	"yV)&"***6-
F7623F	"yV)&"***5-
F76240	"yV)&"***4-
F76241	"yV)&"***3-
F76242	"yV)&"***2-
F76243	"yV)&"***1-
F76244	"yV)&"***
F76245	"yV)&"***1+
F76246	"yV)&"***2+
F76247	"yV)&"***3+
F76248	"yV)&"***4+
F76249	"yV)&"***5+
F7624A	"yV)&"***6+
F7624B	"yV)&"***7+
F7624C	"^S~ ="*+**
F7624D	"yV)&"***9+
F7624E	"fmC<%"***\-
F7624F	"emC<%"***\-
F76250	"wh~ %"*+**
F76251	"cmC<%"***\-
F76252	"q.~I)"*+**
F76253	"amC<%"***\-
F76254	"`mC<%"***\-
F76255	"_mC<%"***\-
F76256	"^mC<%"***\-
F76257	"]mC<%"***\-
F76258	"\mC<%"***\-
F76259	"[mC<%"***\-
F7625A	"ZmC<%"***\-
F7625B	"YmC<%"***\-
F7625C	"XmC<%"***\-
F7625D	"WmC<%"***\-
F7625E	"VmC<%"***\-
F7625F	"UmC<%"***\-
F76260	"TmC<%"***\-
F76261	"SmC<%"***\-
F76262	"RmC<%"***\-
F76263	"QmC<%"***\-
F76264	"PmC<%"***\-
F76265	"M1~a+"*+**
F76266	"NmC<%"***\-
F76267	"MmC<%"***\-
F76268	"LmC<%"***\-
F76269	"KmC<%"***\-
F7626A	"JmC<%"***\-
F7626B	"ImC<%"***\-
F7626C	"HmC<%"***\-
F7626D	"GmC<%"***\-
F7626E	"FmC<%"***\-
F7626F	"EmC<%"***\-
F76270	"DmC<%"***\-
F76271	"CmC<%"***\-
F76272	"BmC<%"***\-
F76273	"AmC<%"***\-
F76274	"@mC<%"***\-
F76275	"?mC<%"***\-
F76276	">mC<%"***\-
F76277	"=mC<%"***\-
F76278	"<mC<%"***\-
F76279	";mC<%"***\-
F7627A	":mC<%"***\-
F7627B	"9mC<%"***\-
F7627C	"8mC<%"***\-
F7627D	"7mC<%"***\-
F7627E	"6mC<%"***\-
F7627F	"5mC<%"***\-
F76280	"4mC<%"***\-
F76281	"3mC<%"***\-
F76282	"2mC<%"***\-
F76283	"1mC<%"***\-
F76284	"gN~,+"*+**
F76285	"/mC<%"***\-
F76286	".mC<%"***\-
F76287	"-mC<%"***\-
F76288	",mC<%"***\-
F76289	"+mC<%"***\-
F7628A	"*mC<%"***\-
F7628B	")mC<%"***\-
F7628C	"(mC<%"***\-
F7628D	"'mC<%"***\-
F7628E	"&mC<%"***\-
F7628F	"%mC<%"***\-
F76290	"$mC<%"***\-
F76291	"#mC<%"***\-
F76292	"Jsj&#"***\-
F76293	"!mC<%"***\-
F76294	" mC<%"***\-
F76295	"Gsj&#"***\-
F76296	"Fsj&#"***\-
F76297	"Esj&#"***\-
F76298	"Dsj&#"***\-
F76299	"Csj&#"***\-
F7629A	"Bsj&#"***\-
F7629B	"Asj&#"***\-
F7629C	"@sj&#"***\-
F7629D	"?sj&#"***\-
F7629E	">sj&#"***\-
F7629F	"=sj&#"***\-
F762A0	"<sj&#"***\-
F762A1	"=~CA="**+*
F762A2	":sj&#"***\-
F762A3	"9sj&#"***\-
F762A4	"8sj&#"***\-
F762A5	"7sj&#"***\-
F762A6	"6sj&#"***\-
F762A7	"5sj&#"***\-
F762A8	"4sj&#"***\-
F762A9	"3sj&#"***\-
F762AA	"2sj&#"***\-
F762AB	"[~SA!"**+*
F762AC	"mC<%"***8-
F762AD	"mC<%"***7-
F762AE	"mC<%"***6-
F762AF	"mC<%"***5-
F762B0	"mC<%"***4-
F762B1	"mC<%"***3-
F762B2	"mC<%"***2-
F762B3	"mC<%"***1-
F762B4	"mC<%"***
F762B5	"mC<%"***1+
F762B6	"&~ge)"**+*
F762B7	"mC<%"***3+
F762B8	"mC<%"***4+
F762B9	"mC<%"***5+
F762BA	"mC<%"***6+
F762BB	"mC<%"***7+
F762BC	"mC<%"***8+
F762BD	"y;~A!"*+**
F762BE	"zyV)&"***+
F762BF	"{yV)&"***+
F762C0	"~ ~_)"*+**
F762C1	"}WW3*"***\-
F762C2	"~yV)&"***+
F762C3	"{WW3*"***\-
F762C4	"zWW3*"***\-
F762C5	"yWW3*"***\-
F762C6	"xWW3*"***\-
F762C7	"wWW3*"***\-
F762C8	"vWW3*"***\-
F762C9	"uWW3*"***\-
F762CA	"tWW3*"***\-
F762CB	"sWW3*"***\-
F762CC	"rWW3*"***\-
F762CD	"qWW3*"***\-
F762CE	"pWW3*"***\-
F762CF	"oWW3*"***\-
F762D0	"nWW3*"***\-
F762D1	"mWW3*"***\-
F762D2	"lWW3*"***\-
F762D3	"sj&#"***9-
F762D4	"sj&#"***8-
F762D5	"sj&#"***7-
F762D6	"sj&#"***6-
F762D7	"sj&#"***5-
F762D8	"fO~.)"*+**
F762D9	"sj&#"***3-
F762DA	"sj&#"***2-
F762DB	"sj&#"***1-
F762DC	"sj&#"***
F762DD	"sj&#"***1+
F762DE	"z!~S/"*+**
F762DF	"sj&#"***3+
F762E0	"sj&#"***4+
F762E1	"sj&#"***5+
F762E2	"sj&#"***6+
F762E3	"sj&#"***7+
F762E4	"sj&#"***8+
F762E5	"sj&#"***9+
F762E6	"XWW3*"***\-
F762E7	"WWW3*"***\-
F762E8	"VWW3*"***\-
F762E9	"UWW3*"***\-
F762EA	"TWW3*"***\-
F762EB	"SWW3*"***\-
F762EC	"RWW3*"***\-
F762ED	"QWW3*"***\-
F762EE	"PWW3*"***\-
F762EF	"OWW3*"***\-
F762F0	"NWW3*"***\-
F762F1	"MWW3*"***\-
F762F2	"LWW3*"***\-
F762F3	"KWW3*"***\-
F762F4	"JWW3*"***\-
F762F5	"IWW3*"***\-
F762F6	"HWW3*"***\-
F762F7	"GWW3*"***\-
F762F8	"FWW3*"***\-
F762F9	"EWW3*"***\-
F762FA	"DWW3*"***\-
F762FB	"CWW3*"***\-
F762FC	"BWW3*"***\-
F762FD	"AWW3*"***\-
F762FE	"@WW3*"***\-
F762FF	"?WW3*"***\-
F76300	">WW3*"***\-
F76301	"=WW3*"***\-
F76302	"<WW3*"***\-
F76303	";WW3*"***\-
F76304	":WW3*"***\-
F76305	"9WW3*"***\-
F76306	"8WW3*"***\-
F76307	"7WW3*"***\-
F76308	"6WW3*"***\-
F76309	"5WW3*"***\-
F7630A	"4WW3*"***\-
F7630B	"3WW3*"***\-
F7630C	"2WW3*"***\-
F7630D	"1WW3*"***\-
F7630E	"0WW3*"***\-
F7630F	"/WW3*"***\-
F76310	".WW3*"***\-
F76311	"-WW3*"***\-
F76312	",WW3*"***\-
F76313	"+WW3*"***\-
F76314	"*WW3*"***\-
F76315	")WW3*"***\-
F76316	"(WW3*"***\-
F76317	"'WW3*"***\-
F76318	"&WW3*"***\-
F76319	"%WW3*"***\-
F7631A	"$WW3*"***\-
F7631B	"#WW3*"***\-
F7631C	"yWA=/"***\-
F7631D	"!WW3*"***\-
F7631E	" WW3*"***\-
F7631F	"vWA=/"***\-
F76320	"hB~4+"*+**
F76321	"tWA=/"***\-
F76322	"sWA=/"***\-
F76323	"rWA=/"***\-
F76324	"qWA=/"***\-
F76325	"pWA=/"***\-
F76326	"oWA=/"***\-
F76327	"nWA=/"***\-
F76328	"L~h2)"**+*
F76329	"lWA=/"***\-
F7632A	"kWA=/"***\-
F7632B	"jWA=/"***\-
F7632C	"iWA=/"***\-
F7632D	"hWA=/"***\-
F7632E	"gWA=/"***\-
F7632F	"fWA=/"***\-
F76330	"eWA=/"***\-
F76331	"dWA=/"***\-
F76332	"cWA=/"***\-
F76333	"bWA=/"***\-
F76334	"aWA=/"***\-
F76335	"WW3*"***9-
F76336	"WW3*"***8-
F76337	"WW3*"***7-
F76338	"WW3*"***6-
F76339	"WW3*"***5-
F7633A	"WW3*"***4-
F7633B	"WW3*"***3-
F7633C	"WW3*"***2-
F7633D	"WW3*"***1-
F7633E	"WW3*"***
F7633F	"WW3*"***1+
F76340	"WW3*"***2+
F76341	"WW3*"***3+
F76342	"WW3*"***4+
F76343	"WW3*"***5+
F76344	"WW3*"***6+
F76345	"WW3*"***7+
F76346	"j+~I/"*+**
F76347	"WW3*"***9+
F76348	"MWA=/"***\-
F76349	"LWA=/"***\-
F7634A	"KWA=/"***\-
F7634B	"JWA=/"***\-
F7634C	"IWA=/"***\-
F7634D	"HWA=/"***\-
F7634E	"GWA=/"***\-
F7634F	"FWA=/"***\-
F76350	"EWA=/"***\-
F76351	"DWA=/"***\-
F76352	"CWA=/"***\-
F76353	"BWA=/"***\-
F76354	"AWA=/"***\-
F76355	"@WA=/"***\-
F76356	"?WA=/"***\-
F76357	">WA=/"***\-
F76358	"=WA=/"***\-
F76359	"<WA=/"***\-
F7635A	";WA=/"***\-
F7635B	":WA=/"***\-
F7635C	"9WA=/"***\-
F7635D	"8WA=/"***\-
F7635E	"7WA=/"***\-
F7635F	"6WA=/"***\-
F76360	"5WA=/"***\-
F76361	"4WA=/"***\-
F76362	"3WA=/"***\-
F76363	"2WA=/"***\-
F76364	"1WA=/"***\-
F76365	"0WA=/"***\-
F76366	"/WA=/"***\-
F76367	".WA=/"***\-
F76368	"-WA=/"***\-
F76369	",WA=/"***\-
F7636A	"+WA=/"***\-
F7636B	"*WA=/"***\-
F7636C	")WA=/"***\-
F7636D	"(WA=/"***\-
F7636E	"v'~O+"*+**
F7636F	"&WA=/"***\-
F76370	"%WA=/"***\-
F76371	"$WA=/"***\-
F76372	"#WA=/"***\-
F76373	"1UUD!"***\-
F76374	"!WA=/"***\-
F76375	" WA=/"***\-
F76376	"kO~ 8"*+**
F76377	"-UUD!"***\-
F76378	",UUD!"***\-
F76379	"+UUD!"***\-
F7637A	"*UUD!"***\-
F7637B	")UUD!"***\-
F7637C	"(UUD!"***\-
F7637D	"EC~E1"*+**
F7637E	"&UUD!"***\-
F7637F	"%UUD!"***\-
F76380	"$UUD!"***\-
F76381	"#UUD!"***\-
F76382	":e[1$"***\-
F76383	"!UUD!"***\-
F76384	" UUD!"***\-
F76385	"7e[1$"***\-
F76386	"6e[1$"***\-
F76387	"5e[1$"***\-
F76388	"4e[1$"***\-
F76389	"3e[1$"***\-
F7638A	"2e[1$"***\-
F7638B	"1e[1$"***\-
F7638C	"WA=/"***9-
F7638D	"WA=/"***8-
F7638E	"WA=/"***7-
F7638F	"WA=/"***6-
F76390	"WA=/"***5-
F76391	"WA=/"***4-
F76392	"WA=/"***3-
F76393	"WA=/"***2-
F76394	"WA=/"***1-
F76395	"WA=/"***
F76396	"WA=/"***1+
F76397	"WA=/"***2+
F76398	"WA=/"***3+
F76399	"WA=/"***4+
F7639A	"WA=/"***5+
F7639B	"WA=/"***6+
F7639C	"WA=/"***7+
F7639D	"WA=/"***8+
F7639E	"WA=/"***9+
F7639F	"UUD!"***5-
F763A0	"UUD!"***4-
F763A1	"UUD!"***3-
F763A2	"UUD!"***2-
F763A3	"UUD!"***1-
F763A4	"UUD!"***
F763A5	"UUD!"***1+
F763A6	"UUD!"***2+
F763A7	"UUD!"***3+
F763A8	"UUD!"***4+
F763A9	"UUD!"***5+
F763AA	"UUD!"***6+
F763AB	"UUD!"***7+
F763AC	"UUD!"***8+
F763AD	"UUD!"***9+
F763AE	"pWW3*"***+
F763AF	"qWW3*"***+
F763B0	"rWW3*"***+
F763B1	"sWW3*"***+
F763B2	"tWW3*"***+
F763B3	"-~aO/"**+*
F763B4	"e[1$"***8-
F763B5	"e[1$"***7-
F763B6	"e[1$"***6-
F763B7	"e[1$"***5-
F763B8	"e[1$"***4-
F763B9	"gG~3)"*+**
F763BA	"e[1$"***2-
F763BB	"e[1$"***1-
F763BC	"e[1$"***
F763BD	"e[1$"***1+
F763BE	"e[1$"***2+
F763BF	"e[1$"***3+
F763C0	"e[1$"***4+
F763C1	"e[1$"***5+
F763C2	"e[1$"***6+
F763C3	"e[1$"***7+
F763C4	"e[1$"***8+
F763C5	"cO~;!"*+**
F763C6	"1WA=/"***+
F763C7	"#UUD!"***+
F763C8	"$UUD!"***+
F763C9	"%UUD!"***+
F763CA	"&UUD!"***+
F763CB	"'UUD!"***+
F763CC	"(UUD!"***+
F763CD	")UUD!"***+
F763CE	"~kE=$"***\-
F763CF	"}kE=$"***\-
F763D0	"|kE=$"***\-
F763D1	"i~G5)"**+*
F763D2	"zkE=$"***\-
F763D3	"ykE=$"***\-
F763D4	"xkE=$"***\-
F763D5	"wkE=$"***\-
F763D6	"vkE=$"***\-
F763D7	"ukE=$"***\-
F763D8	"Y8~;5"*+**
F763D9	"skE=$"***\-
F763DA	"rkE=$"***\-
F763DB	"qkE=$"***\-
F763DC	"pkE=$"***\-
F763DD	"okE=$"***\-
F763DE	"nkE=$"***\-
F763DF	"mkE=$"***\-
F763E0	"xlk "+**9*
F763E1	"kkE=$"***\-
F763E2	"jkE=$"***\-
F763E3	"ikE=$"***\-
F763E4	"hkE=$"***\-
F763E5	"gkE=$"***\-
F763E6	"fkE=$"***\-
F763E7	"ekE=$"***\-
F763E8	"aD~5,"*+**
F763E9	"ckE=$"***\-
F763EA	"bkE=$"***\-
F763EB	"akE=$"***\-
F763EC	"`kE=$"***\-
F763ED	"_kE=$"***\-
F763EE	"^kE=$"***\-
F763EF	"]kE=$"***\-
F763F0	"\kE=$"***\-
F763F1	"[kE=$"***\-
F763F2	"ZkE=$"***\-
F763F3	"YkE=$"***\-
F763F4	"XkE=$"***\-
F763F5	"WkE=$"***\-
F763F6	"VkE=$"***\-
F763F7	"UkE=$"***\-
F763F8	"TkE=$"***\-
F763F9	"SkE=$"***\-
F763FA	"RkE=$"***\-
F763FB	"QkE=$"***\-
F763FC	"PkE=$"***\-
F763FD	"OkE=$"***\-
F763FE	"NkE=$"***\-
F763FF	"MkE=$"***\-
F76400	"LkE=$"***\-
F76401	"KkE=$"***\-
F76402	"JkE=$"***\-
F76403	"IkE=$"***\-
F76404	"HkE=$"***\-
F76405	"GkE=$"***\-
F76406	"FkE=$"***\-
F76407	"EkE=$"***\-
F76408	"DkE=$"***\-
F76409	"CkE=$"***\-
F7640A	"BkE=$"***\-
F7640B	"AkE=$"***\-
F7640C	"@kE=$"***\-
F7640D	"?kE=$"***\-
F7640E	">kE=$"***\-
F7640F	"=kE=$"***\-
F76410	"<kE=$"***\-
F76411	";kE=$"***\-
F76412	":kE=$"***\-
F76413	"~WA=/"***+
F76414	"8kE=$"***\-
F76415	"7kE=$"***\-
F76416	"6kE=$"***\-
F76417	"5kE=$"***\-
F76418	"4kE=$"***\-
F76419	"3kE=$"***\-
F7641A	"2kE=$"***\-
F7641B	"1kE=$"***\-
F7641C	"0kE=$"***\-
F7641D	"/kE=$"***\-
F7641E	".kE=$"***\-
F7641F	"-kE=$"***\-
F76420	",kE=$"***\-
F76421	"+kE=$"***\-
F76422	"*kE=$"***\-
F76423	")kE=$"***\-
F76424	"(kE=$"***\-
F76425	"'kE=$"***\-
F76426	"&kE=$"***\-
F76427	"%kE=$"***\-
F76428	"y~zy"*+*9*
F76429	"#kE=$"***\-
F7642A	"Vnb/ "***\-
F7642B	"!kE=$"***\-
F7642C	" kE=$"***\-
F7642D	"Snb/ "***\-
F7642E	"Rnb/ "***\-
F7642F	"Qnb/ "***\-
F76430	"Pnb/ "***\-
F76431	"uY~/"+**9*
F76432	"Nnb/ "***\-
F76433	"Mnb/ "***\-
F76434	"Lnb/ "***\-
F76435	"Knb/ "***\-
F76436	"Jnb/ "***\-
F76437	"Inb/ "***\-
F76438	"Hnb/ "***\-
F76439	"Gnb/ "***\-
F7643A	"Fnb/ "***\-
F7643B	"Enb/ "***\-
F7643C	"Dnb/ "***\-
F7643D	"Cnb/ "***\-
F7643E	"Bnb/ "***\-
F7643F	"Anb/ "***\-
F76440	"@nb/ "***\-
F76441	"?nb/ "***\-
F76442	">nb/ "***\-
F76443	"kE=$"***9-
F76444	"kE=$"***8-
F76445	"kE=$"***7-
F76446	"kE=$"***6-
F76447	"kE=$"***5-
F76448	"kE=$"***4-
F76449	"kE=$"***3-
F7644A	"kE=$"***2-
F7644B	"kE=$"***1-
F7644C	"kE=$"***
F7644D	"kE=$"***1+
F7644E	"kE=$"***2+
F7644F	"kE=$"***3+
F76450	"kE=$"***4+
F76451	"kE=$"***5+
F76452	"kE=$"***6+
F76453	"kE=$"***7+
F76454	"kE=$"***8+
F76455	"kE=$"***9+
F76456	"*nb/ "***\-
F76457	")nb/ "***\-
F76458	"(nb/ "***\-
F76459	"'nb/ "***\-
F7645A	"&nb/ "***\-
F7645B	"%nb/ "***\-
F7645C	"$nb/ "***\-
F7645D	"#nb/ "***\-
F7645E	"eb["**9+9*2*
F7645F	"!nb/ "***\-
F76460	" nb/ "***\-
F76461	"zkE"**6*7+3*
F76462	"1/, "***6-5*
F76463	" kE=$"***+9-
F76464	"pn^"**2-7*2*
F76465	" kE=$"***+7-
F76466	"~aD~5,"*+**+
F76467	"-~A~_9"*+*+*
F76468	"of~5"+**1-8*
F76469	" kE=$"***+3-
F7646A	"zk~Q"+**5+6*
F7646B	"pn~>"+**3-7*
F7646C	" kE=$"***+
F7646D	"!kE=$"***+
F7646E	" kE=$"***+2+
F7646F	"#kE=$"***+
F76470	"of~5"+**8*
F76471	"}jg-!"***\-
F76472	"|jg-!"***\-
F76473	"{jg-!"***\-
F76474	"zjg-!"***\-
F76475	"yjg-!"***\-
F76476	"xjg-!"***\-
F76477	"nb/ "***9-
F76478	"nb/ "***8-
F76479	"nb/ "***7-
F7647A	"nb/ "***6-
F7647B	"nb/ "***5-
F7647C	"nb/ "***4-
F7647D	"nb/ "***3-
F7647E	"nb/ "***2-
F7647F	"nb/ "***1-
F76480	"nb/ "***
F76481	"nb/ "***1+
F76482	"{~yx"*+*9*
F76483	"nb/ "***3+
F76484	"nb/ "***4+
F76485	"nb/ "***5+
F76486	"nb/ "***6+
F76487	"qg~I"+**7*
F76488	"nb/ "***8+
F76489	"nb/ "***9+
F7648A	"djg-!"***\-
F7648B	"cjg-!"***\-
F7648C	"bjg-!"***\-
F7648D	"ajg-!"***\-
F7648E	"G*~q/"*+**
F7648F	"_jg-!"***\-
F76490	"^jg-!"***\-
F76491	"]jg-!"***\-
F76492	"\jg-!"***\-
F76493	"[jg-!"***\-
F76494	"Zjg-!"***\-
F76495	"Yjg-!"***\-
F76496	"Xjg-!"***\-
F76497	"Wjg-!"***\-
F76498	"Vjg-!"***\-
F76499	"A~C=="**+*
F7649A	"Tjg-!"***\-
F7649B	"Sjg-!"***\-
F7649C	"Rjg-!"***\-
F7649D	"Qjg-!"***\-
F7649E	"Pjg-!"***\-
F7649F	"Ojg-!"***\-
F764A0	"Njg-!"***\-
F764A1	"Mjg-!"***\-
F764A2	"Ljg-!"***\-
F764A3	"Kjg-!"***\-
F764A4	"Jjg-!"***\-
F764A5	"Ijg-!"***\-
F764A6	"Hjg-!"***\-
F764A7	"Gjg-!"***\-
F764A8	"Fjg-!"***\-
F764A9	"Ejg-!"***\-
F764AA	"Djg-!"***\-
F764AB	"Cjg-!"***\-
F764AC	"Bjg-!"***\-
F764AD	"Ajg-!"***\-
F764AE	"@jg-!"***\-
F764AF	"/~aO-"**+*
F764B0	">jg-!"***\-
F764B1	"=jg-!"***\-
F764B2	"<jg-!"***\-
F764B3	";jg-!"***\-
F764B4	":jg-!"***\-
F764B5	"9jg-!"***\-
F764B6	"8jg-!"***\-
F764B7	"7jg-!"***\-
F764B8	"6jg-!"***\-
F764B9	"5jg-!"***\-
F764BA	"4jg-!"***\-
F764BB	"3jg-!"***\-
F764BC	"2jg-!"***\-
F764BD	"1jg-!"***\-
F764BE	"0jg-!"***\-
F764BF	"/jg-!"***\-
F764C0	".jg-!"***\-
F764C1	"-jg-!"***\-
F764C2	",jg-!"***\-
F764C3	"+jg-!"***\-
F764C4	"*jg-!"***\-
F764C5	")jg-!"***\-
F764C6	"(jg-!"***\-
F764C7	"'jg-!"***\-
F764C8	"&jg-!"***\-
F764C9	"%jg-!"***\-
F764CA	"$jg-!"***\-
F764CB	"#jg-!"***\-
F764CC	"pfY/&"***\-
F764CD	"!jg-!"***\-
F764CE	" jg-!"***\-
F764CF	"mfY/&"***\-
F764D0	"xv~g"+**5*
F764D1	"kfY/&"***\-
F764D2	"jfY/&"***\-
F764D3	"ifY/&"***\-
F764D4	"t)~C1"*+**
F764D5	"gfY/&"***\-
F764D6	"ffY/&"***\-
F764D7	"efY/&"***\-
F764D8	"dfY/&"***\-
F764D9	"cfY/&"***\-
F764DA	"bfY/&"***\-
F764DB	"afY/&"***\-
F764DC	"$~y=="**+*
F764DD	"_fY/&"***\-
F764DE	"^fY/&"***\-
F764DF	"]fY/&"***\-
F764E0	"\fY/&"***\-
F764E1	"[fY/&"***\-
F764E2	"ZfY/&"***\-
F764E3	"YfY/&"***\-
F764E4	"XfY/&"***\-
F764E5	"jg-!"***9-
F764E6	"jg-!"***8-
F764E7	"jg-!"***7-
F764E8	"jg-!"***6-
F764E9	"jg-!"***5-
F764EA	"jg-!"***4-
F764EB	"jg-!"***3-
F764EC	"jg-!"***2-
F764ED	"jg-!"***1-
F764EE	"jg-!"***
F764EF	"jg-!"***1+
F764F0	"jg-!"***2+
F764F1	"W~G=+"**+*
F764F2	"jg-!"***4+
F764F3	"jg-!"***5+
F764F4	"jg-!"***6+
F764F5	"jg-!"***7+
F764F6	"jg-!"***8+
F764F7	"jg-!"***9+
F764F8	"qU~U"+**8*
F764F9	"CfY/&"***\-
F764FA	"BfY/&"***\-
F764FB	"AfY/&"***\-
F764FC	"@fY/&"***\-
F764FD	"?fY/&"***\-
F764FE	">fY/&"***\-
F764FF	"=fY/&"***\-
F76500	"|`~e"+**6*
F76501	";fY/&"***\-
F76502	":fY/&"***\-
F76503	"9fY/&"***\-
F76504	"8fY/&"***\-
F76505	"7fY/&"***\-
F76506	"6fY/&"***\-
F76507	"5fY/&"***\-
F76508	"4fY/&"***\-
F76509	"3~]C3"**+*
F7650A	"2fY/&"***\-
F7650B	"1fY/&"***\-
F7650C	"0fY/&"***\-
F7650D	"/fY/&"***\-
F7650E	".fY/&"***\-
F7650F	"-fY/&"***\-
F76510	",fY/&"***\-
F76511	"+fY/&"***\-
F76512	"*fY/&"***\-
F76513	")fY/&"***\-
F76514	"(fY/&"***\-
F76515	"'fY/&"***\-
F76516	"&fY/&"***\-
F76517	"%fY/&"***\-
F76518	"$fY/&"***\-
F76519	"#fY/&"***\-
F7651A	"[_Q1+"***\-
F7651B	"us~s"+**5*
F7651C	" fY/&"***\-
F7651D	"X_Q1+"***\-
F7651E	"W_Q1+"***\-
F7651F	"V_Q1+"***\-
F76520	"P~_4)"**+*
F76521	"T_Q1+"***\-
F76522	"S_Q1+"***\-
F76523	"R_Q1+"***\-
F76524	"Q_Q1+"***\-
F76525	"P_Q1+"***\-
F76526	"O_Q1+"***\-
F76527	"N_Q1+"***\-
F76528	"M_Q1+"***\-
F76529	"L_Q1+"***\-
F7652A	"K_Q1+"***\-
F7652B	"J_Q1+"***\-
F7652C	"I_Q1+"***\-
F7652D	"H_Q1+"***\-
F7652E	"G_Q1+"***\-
F7652F	"F_Q1+"***\-
F76530	"E_Q1+"***\-
F76531	"D_Q1+"***\-
F76532	"C_Q1+"***\-
F76533	"fY/&"***9-
F76534	"fY/&"***8-
F76535	"fY/&"***7-
F76536	"fY/&"***6-
F76537	"fY/&"***5-
F76538	"fY/&"***4-
F76539	"fY/&"***3-
F7653A	"fY/&"***2-
F7653B	"fY/&"***1-
F7653C	"fY/&"***
F7653D	"fY/&"***1+
F7653E	"fY/&"***2+
F7653F	"fY/&"***3+
F76540	"fY/&"***4+
F76541	"fY/&"***5+
F76542	"fY/&"***6+
F76543	"fY/&"***7+
F76544	"fY/&"***8+
F76545	"fY/&"***9+
F76546	"/_Q1+"***\-
F76547	"._Q1+"***\-
F76548	"-_Q1+"***\-
F76549	",_Q1+"***\-
F7654A	"+_Q1+"***\-
F7654B	"*_Q1+"***\-
F7654C	")_Q1+"***\-
F7654D	"(_Q1+"***\-
F7654E	"'_Q1+"***\-
F7654F	"&_Q1+"***\-
F76550	"%_Q1+"***\-
F76551	"$_Q1+"***\-
F76552	"#_Q1+"***\-
F76553	"ig;:."***\-
F76554	"!_Q1+"***\-
F76555	" _Q1+"***\-
F76556	"fg;:."***\-
F76557	"eg;:."***\-
F76558	"dg;:."***\-
F76559	"cg;:."***\-
F7655A	"bg;:."***\-
F7655B	"ag;:."***\-
F7655C	"`g;:."***\-
F7655D	"_g;:."***\-
F7655E	"^g;:."***\-
F7655F	"]g;:."***\-
F76560	"\g;:."***\-
F76561	"[g;:."***\-
F76562	"Zg;:."***\-
F76563	"Yg;:."***\-
F76564	"Xg;:."***\-
F76565	"Wg;:."***\-
F76566	"Vg;:."***\-
F76567	"Ug;:."***\-
F76568	"Tg;:."***\-
F76569	"Sg;:."***\-
F7656A	"Rg;:."***\-
F7656B	"Qg;:."***\-
F7656C	"i?9+"***9-
F7656D	"i?9+"***8-
F7656E	"i?9+"***7-
F7656F	"i?9+"***6-
F76570	"i?9+"***5-
F76571	"i?9+"***4-
F76572	"i?9+"***3-
F76573	"i?9+"***2-
F76574	"i?9+"***1-
F76575	"i?9+"***
F76576	"i?9+"***1+
F76577	"i?9+"***2+
F76578	"i?9+"***3+
F76579	"i?9+"***4+
F7657A	"i?9+"***5+
F7657B	"i?9+"***6+
F7657C	"i?9+"***7+
F7657D	"I=~_%"*+**
F7657E	"i?9+"***9+
F7657F	"=g;:."***\-
F76580	"<g;:."***\-
F76581	";g;:."***\-
F76582	":g;:."***\-
F76583	"9g;:."***\-
F76584	"8g;:."***\-
F76585	"7g;:."***\-
F76586	"6g;:."***\-
F76587	"5g;:."***\-
F76588	"4g;:."***\-
F76589	"3g;:."***\-
F7658A	"2g;:."***\-
F7658B	"1g;:."***\-
F7658C	"0g;:."***\-
F7658D	"/g;:."***\-
F7658E	".g;:."***\-
F7658F	"-g;:."***\-
F76590	",g;:."***\-
F76591	"+g;:."***\-
F76592	"*g;:."***\-
F76593	")g;:."***\-
F76594	"(g;:."***\-
F76595	"'g;:."***\-
F76596	"&g;:."***\-
F76597	"%g;:."***\-
F76598	"dJ~;#"*+**
F76599	"#g;:."***\-
F7659A	"]U=;5"***\-
F7659B	"!g;:."***\-
F7659C	" g;:."***\-
F7659D	"ZU=;5"***\-
F7659E	"YU=;5"***\-
F7659F	"XU=;5"***\-
F765A0	"WU=;5"***\-
F765A1	"VU=;5"***\-
F765A2	"UU=;5"***\-
F765A3	"TU=;5"***\-
F765A4	"SU=;5"***\-
F765A5	"RU=;5"***\-
F765A6	"QU=;5"***\-
F765A7	"PU=;5"***\-
F765A8	"OU=;5"***\-
F765A9	"NU=;5"***\-
F765AA	"MU=;5"***\-
F765AB	"LU=;5"***\-
F765AC	"KU=;5"***\-
F765AD	"JU=;5"***\-
F765AE	"IU=;5"***\-
F765AF	"HU=;5"***\-
F765B0	"GU=;5"***\-
F765B1	"FU=;5"***\-
F765B2	"EU=;5"***\-
F765B3	"g;:."***9-
F765B4	"g;:."***8-
F765B5	"g;:."***7-
F765B6	"g;:."***6-
F765B7	"g;:."***5-
F765B8	"g;:."***4-
F765B9	"g;:."***3-
F765BA	"g;:."***2-
F765BB	"g;:."***1-
F765BC	"g;:."***
F765BD	"g;:."***1+
F765BE	"g;:."***2+
F765BF	"g;:."***3+
F765C0	"g;:."***4+
F765C1	"g;:."***5+
F765C2	"g;:."***6+
F765C3	"g;:."***7+
F765C4	"g;:."***8+
F765C5	"g;:."***9+
F765C6	"1U=;5"***\-
F765C7	"0U=;5"***\-
F765C8	"/U=;5"***\-
F765C9	".U=;5"***\-
F765CA	"-U=;5"***\-
F765CB	",U=;5"***\-
F765CC	"+U=;5"***\-
F765CD	"*U=;5"***\-
F765CE	")U=;5"***\-
F765CF	"(U=;5"***\-
F765D0	"'U=;5"***\-
F765D1	"&U=;5"***\-
F765D2	"%U=;5"***\-
F765D3	"$U=;5"***\-
F765D4	"#U=;5"***\-
F765D5	"#k>4/"***\-
F765D6	"!U=;5"***\-
F765D7	" U=;5"***\-
F765D8	" k>4/"***\-
F765D9	"Sjj'%"***\-
F765DA	"Rjj'%"***\-
F765DB	"Qjj'%"***\-
F765DC	"Pjj'%"***\-
F765DD	"Ojj'%"***\-
F765DE	"Njj'%"***\-
F765DF	"Mjj'%"***\-
F765E0	"Ljj'%"***\-
F765E1	"Kjj'%"***\-
F765E2	"Jjj'%"***\-
F765E3	"Ijj'%"***\-
F765E4	"Hjj'%"***\-
F765E5	"Gjj'%"***\-
F765E6	"Fjj'%"***\-
F765E7	"9~O=;"**+*
F765E8	"Djj'%"***\-
F765E9	"Cjj'%"***\-
F765EA	"Bjj'%"***\-
F765EB	"Ajj'%"***\-
F765EC	"@jj'%"***\-
F765ED	"?jj'%"***\-
F765EE	"U=;5"***9-
F765EF	"U=;5"***8-
F765F0	"U=;5"***7-
F765F1	"U=;5"***6-
F765F2	"U=;5"***5-
F765F3	"U=;5"***4-
F765F4	"U=;5"***3-
F765F5	"U=;5"***2-
F765F6	"U=;5"***1-
F765F7	"U=;5"***
F765F8	"k>4/"***
F765F9	"U=;5"***2+
F765FA	"U=;5"***3+
F765FB	"U=;5"***4+
F765FC	"U=;5"***5+
F765FD	"U=;5"***6+
F765FE	"U=;5"***7+
F765FF	"U=;5"***8+
F76600	"U=;5"***9+
F76601	"k>4/"***9+
F76602	"*jj'%"***\-
F76603	")jj'%"***\-
F76604	"(jj'%"***\-
F76605	"'jj'%"***\-
F76606	"&jj'%"***\-
F76607	"%jj'%"***\-
F76608	"$jj'%"***\-
F76609	"#jj'%"***\-
F7660A	"Ng;:."***+
F7660B	"!jj'%"***\-
F7660C	" jj'%"***\-
F7660D	"Qg;:."***+
F7660E	"Rg;:."***+
F7660F	"Sg;:."***+
F76610	"Tg;:."***+
F76611	"Ug;:."***+
F76612	"Vg;:."***+
F76613	"Wg;:."***+
F76614	"Xg;:."***+
F76615	"Yg;:."***+
F76616	"Zg;:."***+
F76617	" U=;5"***+
F76618	" k>4/"***+
F76619	"!k>4/"***+
F7661A	"#U=;5"***+
F7661B	"#k>4/"***+
F7661C	"$k>4/"***+
F7661D	"%k>4/"***+
F7661E	"&k>4/"***+
F7661F	"'k>4/"***+
F76620	"(k>4/"***+
F76621	")k>4/"***+
F76622	"*k>4/"***+
F76623	"jj'%"***9-
F76624	"jj'%"***8-
F76625	"jj'%"***7-
F76626	"jj'%"***6-
F76627	"jj'%"***5-
F76628	"jj'%"***4-
F76629	"jj'%"***3-
F7662A	"jj'%"***2-
F7662B	"jj'%"***1-
F7662C	"jj'%"***
F7662D	"jj'%"***1+
F7662E	"jj'%"***2+
F7662F	"jj'%"***3+
F76630	"tS~)&"*+**
F76631	"jj'%"***5+
F76632	"jj'%"***6+
F76633	"jj'%"***7+
F76634	"jj'%"***8+
F76635	"jj'%"***9+
F76636	"kUIC'"***\-
F76637	"jUIC'"***\-
F76638	"iUIC'"***\-
F76639	"hUIC'"***\-
F7663A	"gUIC'"***\-
F7663B	"fUIC'"***\-
F7663C	"eUIC'"***\-
F7663D	"dUIC'"***\-
F7663E	"cUIC'"***\-
F7663F	"bUIC'"***\-
F76640	"aUIC'"***\-
F76641	"`UIC'"***\-
F76642	"_UIC'"***\-
F76643	"^UIC'"***\-
F76644	"]UIC'"***\-
F76645	"\UIC'"***\-
F76646	"[UIC'"***\-
F76647	"ZUIC'"***\-
F76648	"YUIC'"***\-
F76649	"XUIC'"***\-
F7664A	"WUIC'"***\-
F7664B	"VUIC'"***\-
F7664C	"UUIC'"***\-
F7664D	"TUIC'"***\-
F7664E	"SUIC'"***\-
F7664F	"RUIC'"***\-
F76650	"0~a;;"**+*
F76651	"PUIC'"***\-
F76652	"OUIC'"***\-
F76653	"NUIC'"***\-
F76654	"MUIC'"***\-
F76655	"LUIC'"***\-
F76656	"KUIC'"***\-
F76657	"JUIC'"***\-
F76658	"IUIC'"***\-
F76659	"HUIC'"***\-
F7665A	"GUIC'"***\-
F7665B	"FUIC'"***\-
F7665C	"EUIC'"***\-
F7665D	"DUIC'"***\-
F7665E	"CUIC'"***\-
F7665F	"BUIC'"***\-
F76660	"AUIC'"***\-
F76661	"@UIC'"***\-
F76662	"?UIC'"***\-
F76663	">UIC'"***\-
F76664	"=UIC'"***\-
F76665	"<UIC'"***\-
F76666	";UIC'"***\-
F76667	":UIC'"***\-
F76668	"9UIC'"***\-
F76669	"8UIC'"***\-
F7666A	"b#~k+"*+**
F7666B	"6UIC'"***\-
F7666C	"5UIC'"***\-
F7666D	"4UIC'"***\-
F7666E	"3UIC'"***\-
F7666F	"2UIC'"***\-
F76670	"1UIC'"***\-
F76671	"0UIC'"***\-
F76672	"/UIC'"***\-
F76673	".UIC'"***\-
F76674	"-UIC'"***\-
F76675	"~U=;5"***+
F76676	"+UIC'"***\-
F76677	"*UIC'"***\-
F76678	")UIC'"***\-
F76679	"(UIC'"***\-
F7667A	"'UIC'"***\-
F7667B	"&UIC'"***\-
F7667C	"%UIC'"***\-
F7667D	"$UIC'"***\-
F7667E	"#UIC'"***\-
F7667F	"wmU2#"***\-
F76680	"!UIC'"***\-
F76681	" UIC'"***\-
F76682	"tmU2#"***\-
F76683	"smU2#"***\-
F76684	"rmU2#"***\-
F76685	"qmU2#"***\-
F76686	"pmU2#"***\-
F76687	"omU2#"***\-
F76688	"nmU2#"***\-
F76689	"mmU2#"***\-
F7668A	"lmU2#"***\-
F7668B	"kmU2#"***\-
F7668C	"jmU2#"***\-
F7668D	"imU2#"***\-
F7668E	"hmU2#"***\-
F7668F	"gmU2#"***\-
F76690	"fmU2#"***\-
F76691	"emU2#"***\-
F76692	"dmU2#"***\-
F76693	"cmU2#"***\-
F76694	"bmU2#"***\-
F76695	"amU2#"***\-
F76696	"`mU2#"***\-
F76697	"_mU2#"***\-
F76698	"UIC'"***9-
F76699	"UIC'"***8-
F7669A	"UIC'"***7-
F7669B	"UIC'"***6-
F7669C	"UIC'"***5-
F7669D	"UIC'"***4-
F7669E	"UIC'"***3-
F7669F	"UIC'"***2-
F766A0	"UIC'"***1-
F766A1	"UIC'"***
F766A2	"UIC'"***1+
F766A3	"UIC'"***2+
F766A4	"UIC'"***3+
F766A5	"UIC'"***4+
F766A6	"UIC'"***5+
F766A7	"UIC'"***6+
F766A8	"UIC'"***7+
F766A9	"UIC'"***8+
F766AA	"UIC'"***9+
F766AB	"KmU2#"***\-
F766AC	"JmU2#"***\-
F766AD	"ImU2#"***\-
F766AE	"HmU2#"***\-
F766AF	"GmU2#"***\-
F766B0	"FmU2#"***\-
F766B1	"EmU2#"***\-
F766B2	"DmU2#"***\-
F766B3	"CmU2#"***\-
F766B4	"BmU2#"***\-
F766B5	"AmU2#"***\-
F766B6	"@mU2#"***\-
F766B7	"?mU2#"***\-
F766B8	">mU2#"***\-
F766B9	"QE~K%"*+**
F766BA	"<mU2#"***\-
F766BB	";mU2#"***\-
F766BC	"qB~ @"*+**
F766BD	"9mU2#"***\-
F766BE	"8mU2#"***\-
F766BF	"7mU2#"***\-
F766C0	"RJ~C&"*+**
F766C1	"5mU2#"***\-
F766C2	"4mU2#"***\-
F766C3	"3mU2#"***\-
F766C4	"2mU2#"***\-
F766C5	"1mU2#"***\-
F766C6	"0mU2#"***\-
F766C7	"/mU2#"***\-
F766C8	".mU2#"***\-
F766C9	"-mU2#"***\-
F766CA	",mU2#"***\-
F766CB	"+mU2#"***\-
F766CC	"*mU2#"***\-
F766CD	")mU2#"***\-
F766CE	"k~|%!"**+*
F766CF	"'mU2#"***\-
F766D0	"&mU2#"***\-
F766D1	"%mU2#"***\-
F766D2	"$mU2#"***\-
F766D3	"#mU2#"***\-
F766D4	"3UIC'"***+
F766D5	"!mU2#"***\-
F766D6	" mU2#"***\-
F766D7	"6UIC'"***+
F766D8	"7UIC'"***+
F766D9	"8UIC'"***+
F766DA	"9UIC'"***+
F766DB	":UIC'"***+
F766DC	";UIC'"***+
F766DD	"<UIC'"***+
F766DE	"=UIC'"***+
F766DF	">UIC'"***+
F766E0	"?UIC'"***+
F766E1	"@UIC'"***+
F766E2	"AUIC'"***+
F766E3	"BUIC'"***+
F766E4	"CUIC'"***+
F766E5	"DUIC'"***+
F766E6	"~{A4'"***\-
F766E7	"}{A4'"***\-
F766E8	"|{A4'"***\-
F766E9	"{{A4'"***\-
F766EA	"z{A4'"***\-
F766EB	"y{A4'"***\-
F766EC	"x{A4'"***\-
F766ED	"mU2#"***9-
F766EE	"mU2#"***8-
F766EF	"mU2#"***7-
F766F0	"mU2#"***6-
F766F1	"mU2#"***5-
F766F2	"mU2#"***4-
F766F3	"mU2#"***3-
F766F4	"mU2#"***2-
F766F5	"mU2#"***1-
F766F6	"mU2#"***
F766F7	"mU2#"***1+
F766F8	"mU2#"***2+
F766F9	"mU2#"***3+
F766FA	"mU2#"***4+
F766FB	"mU2#"***5+
F766FC	"mU2#"***6+
F766FD	"mU2#"***7+
F766FE	"mU2#"***8+
F766FF	"mU2#"***9+
F76700	"jP~/&"*+**
F76701	"c{A4'"***\-
F76702	"b{A4'"***\-
F76703	"a{A4'"***\-
F76704	"r~t##"**+*
F76705	"_{A4'"***\-
F76706	"^{A4'"***\-
F76707	"]{A4'"***\-
F76708	"\{A4'"***\-
F76709	"[{A4'"***\-
F7670A	"Z{A4'"***\-
F7670B	"Y{A4'"***\-
F7670C	"X{A4'"***\-
F7670D	"W{A4'"***\-
F7670E	"V{A4'"***\-
F7670F	"U{A4'"***\-
F76710	"T{A4'"***\-
F76711	"S{A4'"***\-
F76712	"^)~M5"*+**
F76713	"Q{A4'"***\-
F76714	"P{A4'"***\-
F76715	"O{A4'"***\-
F76716	"N{A4'"***\-
F76717	"M{A4'"***\-
F76718	"L{A4'"***\-
F76719	"K{A4'"***\-
F7671A	"J{A4'"***\-
F7671B	"I{A4'"***\-
F7671C	"H{A4'"***\-
F7671D	"G{A4'"***\-
F7671E	"F{A4'"***\-
F7671F	"E{A4'"***\-
F76720	"p~q ("**+*
F76721	"C{A4'"***\-
F76722	"B{A4'"***\-
F76723	"A{A4'"***\-
F76724	"@{A4'"***\-
F76725	"?{A4'"***\-
F76726	">{A4'"***\-
F76727	"={A4'"***\-
F76728	"<{A4'"***\-
F76729	";{A4'"***\-
F7672A	":{A4'"***\-
F7672B	"9{A4'"***\-
F7672C	"8{A4'"***\-
F7672D	"7{A4'"***\-
F7672E	"6{A4'"***\-
F7672F	"5{A4'"***\-
F76730	"4{A4'"***\-
F76731	"3{A4'"***\-
F76732	"2{A4'"***\-
F76733	"1{A4'"***\-
F76734	"0{A4'"***\-
F76735	"/{A4'"***\-
F76736	".{A4'"***\-
F76737	"-{A4'"***\-
F76738	",{A4'"***\-
F76739	"+{A4'"***\-
F7673A	"*{A4'"***\-
F7673B	"){A4'"***\-
F7673C	"({A4'"***\-
F7673D	"'{A4'"***\-
F7673E	"&{A4'"***\-
F7673F	"%{A4'"***\-
F76740	"${A4'"***\-
F76741	"#{A4'"***\-
F76742	"7oO++"***\-
F76743	"!{A4'"***\-
F76744	" {A4'"***\-
F76745	"4oO++"***\-
F76746	"3oO++"***\-
F76747	"2oO++"***\-
F76748	"1oO++"***\-
F76749	"0oO++"***\-
F7674A	"[~k 4"**+*
F7674B	".oO++"***\-
F7674C	"-oO++"***\-
F7674D	",oO++"***\-
F7674E	"+oO++"***\-
F7674F	"*oO++"***\-
F76750	")oO++"***\-
F76751	"(oO++"***\-
F76752	"YW~0)"*+**
F76753	"&oO++"***\-
F76754	"JG~P%"*+**
F76755	"$oO++"***\-
F76756	"#oO++"***\-
F76757	"xSM;+"***\-
F76758	"gT~.&"*+**
F76759	" oO++"***\-
F7675A	"uSM;+"***\-
F7675B	"{A4'"***9-
F7675C	"{A4'"***8-
F7675D	"{A4'"***7-
F7675E	"{A4'"***6-
F7675F	"{A4'"***5-
F76760	"{A4'"***4-
F76761	"{A4'"***3-
F76762	"{A4'"***2-
F76763	"{A4'"***1-
F76764	"{A4'"***
F76765	"{A4'"***1+
F76766	"{A4'"***2+
F76767	"{A4'"***3+
F76768	"{A4'"***4+
F76769	"{A4'"***5+
F7676A	"{A4'"***6+
F7676B	"{A4'"***7+
F7676C	"{A4'"***8+
F7676D	"w~}!!"**+*
F7676E	"aSM;+"***\-
F7676F	"`SM;+"***\-
F76770	"oO++"***9-
F76771	"oO++"***8-
F76772	"oO++"***7-
F76773	"oO++"***6-
F76774	"oO++"***5-
F76775	"oO++"***4-
F76776	"oO++"***3-
F76777	"oO++"***2-
F76778	"oO++"***1-
F76779	"oO++"***
F7677A	"oO++"***1+
F7677B	"oO++"***2+
F7677C	"SI~32"*+**
F7677D	"oO++"***4+
F7677E	"oO++"***5+
F7677F	"oO++"***6+
F76780	"oO++"***7+
F76781	"oO++"***8+
F76782	"oO++"***9+
F76783	"LSM;+"***\-
F76784	"KSM;+"***\-
F76785	"JSM;+"***\-
F76786	"ISM;+"***\-
F76787	"HSM;+"***\-
F76788	"GSM;+"***\-
F76789	"FSM;+"***\-
F7678A	"ESM;+"***\-
F7678B	"DSM;+"***\-
F7678C	"CSM;+"***\-
F7678D	"BSM;+"***\-
F7678E	"ASM;+"***\-
F7678F	"@SM;+"***\-
F76790	"?SM;+"***\-
F76791	"-~YG9"**+*
F76792	"=SM;+"***\-
F76793	"<SM;+"***\-
F76794	";SM;+"***\-
F76795	":SM;+"***\-
F76796	"9SM;+"***\-
F76797	"8SM;+"***\-
F76798	"7SM;+"***\-
F76799	"6SM;+"***\-
F7679A	"5SM;+"***\-
F7679B	"4SM;+"***\-
F7679C	"3SM;+"***\-
F7679D	"2SM;+"***\-
F7679E	"qJ~1%"*+**
F7679F	"0SM;+"***\-
F767A0	"/SM;+"***\-
F767A1	".SM;+"***\-
F767A2	"-SM;+"***\-
F767A3	",SM;+"***\-
F767A4	"+SM;+"***\-
F767A5	"*SM;+"***\-
F767A6	")SM;+"***\-
F767A7	"(SM;+"***\-
F767A8	"'SM;+"***\-
F767A9	"&SM;+"***\-
F767AA	"%SM;+"***\-
F767AB	"$SM;+"***\-
F767AC	"~6~=%"*+**
F767AD	";|]&%"***\-
F767AE	"!SM;+"***\-
F767AF	" SM;+"***\-
F767B0	"8|]&%"***\-
F767B1	"7|]&%"***\-
F767B2	"6|]&%"***\-
F767B3	"5|]&%"***\-
F767B4	"4|]&%"***\-
F767B5	"3|]&%"***\-
F767B6	"2|]&%"***\-
F767B7	"1|]&%"***\-
F767B8	"0|]&%"***\-
F767B9	"/|]&%"***\-
F767BA	".|]&%"***\-
F767BB	"-|]&%"***\-
F767BC	",|]&%"***\-
F767BD	"+|]&%"***\-
F767BE	"*|]&%"***\-
F767BF	")|]&%"***\-
F767C0	"(|]&%"***\-
F767C1	"'|]&%"***\-
F767C2	"&|]&%"***\-
F767C3	"%|]&%"***\-
F767C4	"$|]&%"***\-
F767C5	"#|]&%"***\-
F767C6	"SM;+"***9-
F767C7	"SM;+"***8-
F767C8	"OF~=."*+**
F767C9	"SM;+"***6-
F767CA	"SM;+"***5-
F767CB	"SM;+"***4-
F767CC	"SM;+"***3-
F767CD	"SM;+"***2-
F767CE	"SM;+"***1-
F767CF	"SM;+"***
F767D0	"SM;+"***1+
F767D1	"SM;+"***2+
F767D2	"SM;+"***3+
F767D3	"SM;+"***4+
F767D4	"SM;+"***5+
F767D5	"SM;+"***6+
F767D6	"SM;+"***7+
F767D7	"SM;+"***8+
F767D8	"SM;+"***9+
F767D9	"'tp' "***\-
F767DA	"&tp' "***\-
F767DB	"%tp' "***\-
F767DC	"$tp' "***\-
F767DD	"#tp' "***\-
F767DE	"yWIE%"***\-
F767DF	"{=~7%"*+**
F767E0	"|]&%"***8-
F767E1	"|]&%"***7-
F767E2	"|]&%"***6-
F767E3	"|]&%"***5-
F767E4	"|]&%"***4-
F767E5	"|]&%"***3-
F767E6	"|]&%"***2-
F767E7	"|]&%"***1-
F767E8	"|]&%"***
F767E9	"|]&%"***1+
F767EA	"|]&%"***2+
F767EB	"|]&%"***3+
F767EC	"|]&%"***4+
F767ED	"|]&%"***5+
F767EE	"|]&%"***6+
F767EF	"|]&%"***7+
F767F0	"yC2("***
F767F1	"|]&%"***9+
F767F2	"yC2("***2+
F767F3	"yC2("***3+
F767F4	"yC2("***4+
F767F5	"yC2("***5+
F767F6	"yC2("***6+
F767F7	"~oO++"***+
F767F8	"tp '"***8-
F767F9	"tp '"***7-
F767FA	"tp '"***6-
F767FB	"tp '"***5-
F767FC	"tp '"***4-
F767FD	"tp '"***3-
F767FE	"tp '"***2-
F767FF	"tp '"***1-
